190 200 230 267 1.60943791243
190 220 230 238 1.58902691517
210 200 210 216 1.13434177066
140 150 170 272 1.02061016443
200 210 230 273 1.03866238916
140 150 160 215 0.833578418594
190 200 230 232 0.862720643192
150 160 170 228 0.498373503173
180 200 210 257 0.453321028689
110 130 150 274 0.371503120525
190 210 210 181 0.358239050819
170 200 220 286 0.320162112195
180 180 200 222 0.305704596725
50 60 90 261 0.175565671179
190 210 230 251 0.176062296975
70 100 110 240 0.198465576678
180 200 200 291 0.139093139979
160 200 200 203 0.0754489991551
150 160 170 237 -0.00111611132097
90 110 140 266 -0.00807808848507
130 160 180 268 -0.00351040017902
70 80 100 264 -0.0103559135976
40 40 70 271 -0.0107897777196
30 30 70 260 -0.014709350977
130 140 170 233 -0.0171397166201
60 60 100 275 -0.0168309646533
80 100 110 270 -0.0299231656723
20 30 70 195 -0.031771724535
50 70 100 226 -0.0127577207442
140 160 190 192 -0.00409967080535
40 50 90 225 -0.00360889961511
70 80 110 262 -0.00218584169946
130 140 170 202 -0.0156486741926
70 100 120 204 -0.0275686599095
80 90 120 229 -0.0203969452264
90 100 130 196 -0.00491464227722
80 100 130 231 -0.00500870791888
30 40 80 230 -0.0136846625896
120 130 170 285 -0.00447883602109
30 30 70 236 -0.000899264318114
100 110 150 252 -0.00171483154202
60 60 100 200 -0.000719253625183
70 80 110 263 -0.00660388727457
60 80 100 201 -0.00705490774387
120 130 170 250 -0.0196664621304
30 50 70 265 -0.0177405850197
40 50 90 269 -0.0215189029634
40 40 80 235 -0.0263337514405
50 50 100 205 -0.00454800817438
80 80 120 194 -0.0155971678422
