200 230 230 1134 2.07944154168
190 230 230 1554 1.95800751335
200 200 220 1239 2.20740822875
30 30 50 900 1.61153875586
200 210 230 1116 1.49643427916
200 200 230 1029 1.56685612926
190 190 210 1521 1.61581118052
180 230 230 1344 1.46083097625
200 220 230 1431 1.27927472163
190 190 230 801 1.19599005786
200 200 210 1185 1.35328021195
170 200 210 1206 1.17850925218
30 40 70 918 1.00330494724
200 210 220 924 1.16088192358
140 170 180 1962 1.25451752209
190 200 240 1011 1.13518337505
200 230 220 1326 1.32711722365
100 100 120 1428 1.16053057584
190 210 230 1449 1.04811141434
200 230 210 1278 1.15382444841
190 230 230 1764 1.04336753621
160 160 170 921 1.01806792749
180 220 230 1536 1.31952803296
200 210 230 819 1.01746092133
90 100 120 1113 1.02598284107
