440 425
444 411
444 424
444 428
445 407
445 408
445 409
445 412
445 415
445 417
445 418
445 425
445 426
445 429
445 430
446 407
446 408
446 413
446 414
446 419
446 425
446 430
447 407
447 413
447 419
447 424
447 425
447 431
448 407
448 413
448 419
448 425
448 431
449 407
449 413
449 419
449 424
449 425
449 431
450 407
450 413
450 419
450 425
450 431
451 407
451 413
451 419
451 425
451 430
452 407
452 413
452 419
452 425
452 429
452 430

440 425
444 411
444 424
444 428
445 407
445 408
445 409
445 412
445 415
445 417
445 418
445 425
445 426
445 429
445 430
446 407
446 408
446 413
446 414
446 419
446 425
446 430
447 407
447 413
447 419
447 424
447 425
447 431
448 407
448 413
448 419
448 425
448 431
449 407
449 413
449 419
449 424
449 425
449 431
450 407
450 413
450 419
450 425
450 431
451 407
451 413
451 419
451 425
451 430
452 407
452 413
452 419
452 425
452 429
452 430

440 425
444 411
444 424
444 428
445 407
445 408
445 409
445 412
445 415
445 417
445 418
445 425
445 426
445 429
445 430
446 407
446 408
446 413
446 414
446 419
446 425
446 430
447 407
447 413
447 419
447 424
447 425
447 431
448 407
448 413
448 419
448 425
448 431
449 407
449 413
449 419
449 424
449 425
449 431
450 407
450 413
450 419
450 425
450 431
451 407
451 413
451 419
451 425
451 430
452 407
452 413
452 419
452 425
452 429
452 430

440 425
444 411
444 424
444 428
445 407
445 408
445 409
445 412
445 415
445 417
445 418
445 425
445 426
445 429
445 430
446 407
446 408
446 413
446 414
446 419
446 425
446 430
447 407
447 413
447 419
447 424
447 425
447 431
448 407
448 413
448 419
448 425
448 431
449 407
449 413
449 419
449 424
449 425
449 431
450 407
450 413
450 419
450 425
450 431
451 407
451 413
451 419
451 425
451 430
452 407
452 413
452 419
452 425
452 429
452 430

440 425
444 411
444 424
444 428
445 407
445 408
445 409
445 412
445 415
445 417
445 418
445 425
445 426
445 429
445 430
446 407
446 408
446 413
446 414
446 419
446 425
446 430
447 407
447 413
447 419
447 424
447 425
447 431
448 407
448 413
448 419
448 425
448 431
449 407
449 413
449 419
449 424
449 425
449 431
450 407
450 413
450 419
450 425
450 431
451 407
451 413
451 419
451 425
451 430
452 407
452 413
452 419
452 425
452 429
452 430

440 425
444 411
444 424
444 428
445 407
445 408
445 409
445 412
445 415
445 417
445 418
445 425
445 426
445 429
445 430
446 407
446 408
446 413
446 414
446 419
446 425
446 430
447 407
447 413
447 419
447 424
447 425
447 431
448 407
448 413
448 419
448 425
448 431
449 407
449 413
449 419
449 424
449 425
449 431
450 407
450 413
450 419
450 425
450 431
451 407
451 413
451 419
451 425
451 430
452 407
452 413
452 419
452 425
452 429
452 430

440 425
444 411
444 424
444 428
445 407
445 408
445 409
445 412
445 415
445 417
445 418
445 425
445 426
445 429
445 430
446 407
446 408
446 413
446 414
446 419
446 425
446 430
447 407
447 413
447 419
447 424
447 425
447 431
448 407
448 413
448 419
448 425
448 431
449 407
449 413
449 419
449 424
449 425
449 431
450 407
450 413
450 419
450 425
450 431
451 407
451 413
451 419
451 425
451 430
452 407
452 413
452 419
452 425
452 429
452 430

440 425
444 411
444 424
444 428
445 407
445 408
445 409
445 412
445 415
445 417
445 418
445 425
445 426
445 429
445 430
446 407
446 408
446 413
446 414
446 419
446 425
446 430
447 407
447 413
447 419
447 424
447 425
447 431
448 407
448 413
448 419
448 425
448 431
449 407
449 413
449 419
449 424
449 425
449 431
450 407
450 413
450 419
450 425
450 431
451 407
451 413
451 419
451 425
451 430
452 407
452 413
452 419
452 425
452 429
452 430

440 425
444 411
444 424
444 428
445 407
445 408
445 409
445 412
445 415
445 417
445 418
445 425
445 426
445 429
445 430
446 407
446 408
446 413
446 414
446 419
446 425
446 430
447 407
447 413
447 419
447 424
447 425
447 431
448 407
448 413
448 419
448 425
448 431
449 407
449 413
449 419
449 424
449 425
449 431
450 407
450 413
450 419
450 425
450 431
451 407
451 413
451 419
451 425
451 430
452 407
452 413
452 419
452 425
452 429
452 430

440 425
444 411
444 424
444 428
445 407
445 408
445 409
445 412
445 415
445 417
445 418
445 425
445 426
445 429
445 430
446 407
446 408
446 413
446 414
446 419
446 425
446 430
447 407
447 413
447 419
447 424
447 425
447 431
448 407
448 413
448 419
448 425
448 431
449 407
449 413
449 419
449 424
449 425
449 431
450 407
450 413
450 419
450 425
450 431
451 407
451 413
451 419
451 425
451 430
452 407
452 413
452 419
452 425
452 429
452 430

440 425
444 411
444 424
444 428
445 407
445 408
445 409
445 412
445 415
445 417
445 418
445 425
445 426
445 429
445 430
446 407
446 408
446 413
446 414
446 419
446 425
446 430
447 407
447 413
447 419
447 424
447 425
447 431
448 407
448 413
448 419
448 425
448 431
449 407
449 413
449 419
449 424
449 425
449 431
450 407
450 413
450 419
450 425
450 431
451 407
451 413
451 419
451 425
451 430
452 407
452 413
452 419
452 425
452 429
452 430

440 425
444 411
444 424
444 428
445 407
445 408
445 409
445 412
445 415
445 417
445 418
445 425
445 426
445 429
445 430
446 407
446 408
446 413
446 414
446 419
446 425
446 430
447 407
447 413
447 419
447 424
447 425
447 431
448 407
448 413
448 419
448 425
448 431
449 407
449 413
449 419
449 424
449 425
449 431
450 407
450 413
450 419
450 425
450 431
451 407
451 413
451 419
451 425
451 430
452 407
452 413
452 419
452 425
452 429
452 430

440 425
444 411
444 424
444 428
445 407
445 408
445 409
445 412
445 415
445 417
445 418
445 425
445 426
445 429
445 430
446 407
446 408
446 413
446 414
446 419
446 425
446 430
447 407
447 413
447 419
447 424
447 425
447 431
448 407
448 413
448 419
448 425
448 431
449 407
449 413
449 419
449 424
449 425
449 431
450 407
450 413
450 419
450 425
450 431
451 407
451 413
451 419
451 425
451 430
452 407
452 413
452 419
452 425
452 429
452 430

440 425
444 411
444 424
444 428
445 407
445 408
445 409
445 412
445 415
445 417
445 418
445 425
445 426
445 429
445 430
446 407
446 408
446 413
446 414
446 419
446 425
446 430
447 407
447 413
447 419
447 424
447 425
447 431
448 407
448 413
448 419
448 425
448 431
449 407
449 413
449 419
449 424
449 425
449 431
450 407
450 413
450 419
450 425
450 431
451 407
451 413
451 419
451 425
451 430
452 407
452 413
452 419
452 425
452 429
452 430

440 425
444 411
444 424
444 428
445 407
445 408
445 409
445 412
445 415
445 417
445 418
445 425
445 426
445 429
445 430
446 407
446 408
446 413
446 414
446 419
446 425
446 430
447 407
447 413
447 419
447 424
447 425
447 431
448 407
448 413
448 419
448 425
448 431
449 407
449 413
449 419
449 424
449 425
449 431
450 407
450 413
450 419
450 425
450 431
451 407
451 413
451 419
451 425
451 430
452 407
452 413
452 419
452 425
452 429
452 430

440 425
444 411
444 424
444 428
445 407
445 408
445 409
445 412
445 415
445 417
445 418
445 425
445 426
445 429
445 430
446 407
446 408
446 413
446 414
446 419
446 425
446 430
447 407
447 413
447 419
447 424
447 425
447 431
448 407
448 413
448 419
448 425
448 431
449 407
449 413
449 419
449 424
449 425
449 431
450 407
450 413
450 419
450 425
450 431
451 407
451 413
451 419
451 425
451 430
452 407
452 413
452 419
452 425
452 429
452 430

440 425
444 411
444 424
444 428
445 407
445 408
445 409
445 412
445 415
445 417
445 418
445 425
445 426
445 429
445 430
446 407
446 408
446 413
446 414
446 419
446 425
446 430
447 407
447 413
447 419
447 424
447 425
447 431
448 407
448 413
448 419
448 425
448 431
449 407
449 413
449 419
449 424
449 425
449 431
450 407
450 413
450 419
450 425
450 431
451 407
451 413
451 419
451 425
451 430
452 407
452 413
452 419
452 425
452 429
452 430

440 425
444 411
444 424
444 428
445 407
445 408
445 409
445 412
445 415
445 417
445 418
445 425
445 426
445 429
445 430
446 407
446 408
446 413
446 414
446 419
446 425
446 430
447 407
447 413
447 419
447 424
447 425
447 431
448 407
448 413
448 419
448 425
448 431
449 407
449 413
449 419
449 424
449 425
449 431
450 407
450 413
450 419
450 425
450 431
451 407
451 413
451 419
451 425
451 430
452 407
452 413
452 419
452 425
452 429
452 430

440 425
444 411
444 424
444 428
445 407
445 408
445 409
445 412
445 415
445 417
445 418
445 425
445 426
445 429
445 430
446 407
446 408
446 413
446 414
446 419
446 425
446 430
447 407
447 413
447 419
447 424
447 425
447 431
448 407
448 413
448 419
448 42440 424
440 425
441 424
441 425
442 424
442 425
443 424
443 425
444 407
444 411
444 417
444 418
444 424
444 425
444 427
444 428
444 429
444 430
445 407
445 408
445 410
445 412
445 415
445 417
445 418
445 419
445 424
445 425
445 426
445 429
445 430
446 407
446 408
446 413
446 414
446 419
446 425
446 430
447 407
447 408
447 413
447 414
447 419
447 424
447 430
447 431
448 407
448 413
448 419
448 425
448 430
448 431
449 407
449 413
449 419
449 424
449 425
449 430
449 431
450 407
450 413
450 419
450 424
450 425
450 430
450 431
451 407
451 408
451 413
451 419
451 424
451 425
451 430
451 431
452 407
452 413
452 414
452 419
452 424
452 425
452 426
452 427
452 428
452 429
452 430
453 419
453 429

440 424
440 425
441 424
441 425
442 424
442 425
443 424
443 425
444 407
444 411
444 417
444 418
444 424
444 425
444 427
444 428
444 429
444 430
445 407
445 408
445 410
445 412
445 415
445 417
445 418
445 419
445 424
445 425
445 426
445 429
445 430
446 407
446 408
446 413
446 414
446 419
446 425
446 430
447 407
447 408
447 413
447 414
447 419
447 424
447 430
447 431
448 407
448 413
448 419
448 425
448 430
448 431
449 407
449 413
449 419
449 424
449 425
449 430
449 431
450 407
450 413
450 419
450 424
450 425
450 430
450 431
451 407
451 408
451 413
451 419
451 424
451 425
451 430
451 431
452 407
452 413
452 414
452 419
452 424
452 425
452 426
452 427
452 428
452 429
452 430
453 419
453 429

440 424
440 425
441 424
441 425
442 424
442 425
443 424
443 425
444 407
444 411
444 417
444 418
444 424
444 425
444 427
444 428
444 429
444 430
445 407
445 408
445 410
445 412
445 415
445 417
445 418
445 419
445 424
445 425
445 426
445 429
445 430
446 407
446 408
446 413
446 414
446 419
446 425
446 430
447 407
447 408
447 413
447 414
447 419
447 424
447 430
447 431
448 407
448 413
448 419
448 425
448 430
448 431
449 407
449 413
449 419
449 424
449 425
449 430
449 431
450 407
450 413
450 419
450 424
450 425
450 430
450 431
451 407
451 408
451 413
451 419
451 424
451 425
451 430
451 431
452 407
452 413
452 414
452 419
452 424
452 425
452 426
452 427
452 428
452 429
452 430
453 419
453 429

440 424
440 425
441 424
441 425
442 424
442 425
443 424
443 425
444 407
444 411
444 417
444 418
444 424
444 425
444 427
444 428
444 429
444 430
445 407
445 408
445 410
445 412
445 415
445 417
445 418
445 419
445 424
445 425
445 426
445 429
445 430
446 407
446 408
446 413
446 414
446 419
446 425
446 430
447 407
447 408
447 413
447 414
447 419
447 424
447 430
447 431
448 407
448 413
448 419
448 425
448 430
448 431
449 407
449 413
449 419
449 424
449 425
449 430
449 431
450 407
450 413
450 419
450 424
450 425
450 430
450 431
451 407
451 408
451 413
451 419
451 424
451 425
451 430
451 431
452 407
452 413
452 414
452 419
452 424
452 425
452 426
452 427
452 428
452 429
452 430
453 419
453 429

440 424
440 425
441 424
441 425
442 424
442 425
443 424
443 425
444 407
444 411
444 417
444 418
444 424
444 425
444 427
444 428
444 429
444 430
445 407
445 408
445 410
445 412
445 415
445 417
445 418
445 419
445 424
445 425
445 426
445 429
445 430
446 407
446 408
446 413
446 414
446 419
446 425
446 430
447 407
447 408
447 413
447 414
447 419
447 424
447 430
447 431
448 407
448 413
448 419
448 425
448 430
448 431
449 407
449 413
449 419
449 424
449 425
449 430
449 431
450 407
450 413
450 419
450 424
450 425
450 430
450 431
451 407
451 408
451 413
451 419
451 424
451 425
451 430
451 431
452 407
452 413
452 414
452 419
452 424
452 425
452 426
452 427
452 428
452 429
452 430
453 419
453 429

440 424
440 425
441 424
441 425
442 424
442 425
443 424
443 425
444 407
444 411
444 417
444 418
444 424
444 425
444 427
444 428
444 429
444 430
445 407
445 408
445 410
445 412
445 415
445 417
445 418
445 419
445 424
445 425
445 426
445 429
445 430
446 407
446 408
446 413
446 414
446 419
446 425
446 430
447 407
447 408
447 413
447 414
447 419
447 424
447 430
447 431
448 407
448 413
448 419
448 425
448 430
448 431
449 407
449 413
449 419
449 424
449 425
449 430
449 431
450 407
450 413
450 419
450 424
450 425
450 430
450 431
451 407
451 408
451 413
451 419
451 424
451 425
451 430
451 431
452 407
452 413
452 414
452 419
452 424
452 425
452 426
452 427
452 428
452 429
452 430
453 419
453 429

440 424
440 425
441 424
441 425
442 424
442 425
443 424
443 425
444 407
444 411
444 417
444 418
444 424
444 425
444 427
444 428
444 429
444 430
445 407
445 408
445 410
445 412
445 415
445 417
445 418
445 419
445 424
445 425
445 426
445 429
445 430
446 407
446 408
446 413
446 414
446 419
446 425
446 430
447 407
447 408
447 413
447 414
447 419
447 424
447 430
447 431
448 407
448 413
448 419
448 425
448 430
448 431
449 407
449 413
449 419
449 424
449 425
449 430
449 431
450 407
450 413
450 419
450 424
450 425
450 430
450 431
451 407
451 408
451 413
451 419
451 424
451 425
451 430
451 431
452 407
452 413
452 414
452 419
452 424
452 425
452 426
452 427
452 428
452 429
452 430
453 419
453 429

440 424
440 425
441 424
441 425
442 424
442 425
443 424
443 425
444 407
444 411
444 417
444 418
444 424
444 425
444 427
444 428
444 429
444 430
445 407
445 408
445 410
445 412
445 415
445 417
445 418
445 419
445 424
445 425
445 426
445 429
445 430
446 407
446 408
446 413
446 414
446 419
446 425
446 430
447 407
447 408
447 413
447 414
447 419
447 424
447 430
447 431
448 407
448 413
448 419
448 425
448 430
448 431
449 407
449 413
449 419
449 424
449 425
449 430
449 431
450 407
450 413
450 419
450 424
450 425
450 430
450 431
451 407
451 408
451 413
451 419
451 424
451 425
451 430
451 431
452 407
452 413
452 414
452 419
452 424
452 425
452 426
452 427
452 428
452 429
452 430
453 419
453 429

440 424
440 425
441 424
441 425
442 424
442 425
443 424
443 425
444 407
444 411
444 417
444 418
444 424
444 425
444 427
444 428
444 429
444 430
445 407
445 408
445 410
445 412
445 415
445 417
445 418
445 419
445 424
445 425
445 426
445 429
445 430
446 407
446 408
446 413
446 414
446 419
446 425
446 430
447 407
447 408
447 413
447 414
447 419
447 424
447 430
447 431
448 407
448 413
448 419
448 425
448 430
448 431
449 407
449 413
449 419
449 424
449 425
449 430
449 431
450 407
450 413
450 419
450 424
450 425
450 430
450 431
451 407
451 408
451 413
451 419
451 424
451 425
451 430
451 431
452 407
452 413
452 414
452 419
452 424
452 425
452 426
452 427
452 428
452 429
452 430
453 419
453 429

440 424
440 425
441 424
441 425
442 424
442 425
443 424
443 425
444 407
444 411
444 417
444 418
444 424
444 425
444 427
444 428
444 429
444 430
445 407
445 408
445 410
445 412
445 415
445 417
445 418
445 419
445 424
445 425
445 426
445 429
445 430
446 407
446 408
446 413
446 414
446 419
446 425
446 430
447 407
447 408
447 413
447 414
447 419
447 424
447 430
447 431
448 407
448 413
448 419
448 425
448 430
448 431
449 407
449 413
449 419
449 424
449 425
449 430
449 431
450 407
450 413
450 419
450 424
450 425
450 430
450 431
451 407
451 408
451 413
451 419
451 424
451 425
451 430
451 431
452 407
452 413
452 414
452 419
452 424
452 425
452 426
452 427
452 428
452 429
452 430
453 419
453 429

440 424
440 425
441 424
441 425
442 424
442 425
443 424
443 425
444 407
444 411
444 417
444 418
444 424
444 425
444 427
444 428
444 429
444 430
445 407
445 408
445 410
445 412
445 415
445 417
445 418
445 419
445 424
445 425
445 426
445 429
445 430
446 407
446 408
446 413
446 414
446 419
446 425
446 430
447 407
447 408
447 413
447 414
447 419
447 424
447 430
447 431
448 407
448 413
448 419
448 425
448 430
448 431
449 407
449 413
449 419
449 424
449 425
449 430
449 431
450 407
450 413
450 419
450 424
450 425
450 430
450 431
451 407
451 408
451 413
451 419
451 424
451 425
451 430
451 431
452 407
452 413
452 414
452 419
452 424
452 425
452 426
452 427
452 428
452 429
452 430
453 419
453 429

440 424
440 425
441 424
441 425
442 424
442 425
443 424
443 425
444 407
444 411
444 417
444 418
444 424
444 425
444 427
444 428
444 429
444 430
445 407
445 408
445 410
445 412
445 415
445 417
445 418
445 419
445 424
445 425
445 426
445 429
445 430
446 407
446 408
446 413
446 414
446 419
446 425
446 430
447 407
447 408
447 413
447 414
447 419
447 424
447 430
447 431
448 407
448 413
448 419
448 425
448 430
448 431
449 407
449 413
449 419
449 424
449 425
449 430
449 431
450 407
450 413
450 419
450 424
450 425
450 430
450 431
451 407
451 408
451 413
451 419
451 424
451 425
451 430
451 431
452 407
452 413
452 414
452 419
452 424
452 425
452 426
452 427
452 428
452 429
452 430
453 419
453 429

440 424
440 425
441 424
441 425
442 424
442 425
443 424
443 425
444 407
444 411
444 417
444 418
444 424
444 425
444 427
444 428
444 429
444 430
445 407
445 408
445 410
445 412
445 415
445 417
445 418
445 419
445 424
445 425
445 426
445 429
445 430
446 407
446 408
446 413
446 414
446 419
446 425
446 430
447 407
447 408
447 413
447 414
447 419
447 424
447 430
447 431
448 407
448 413
448 419
448 425
448 430
448 431
449 407
449 413
449 419
449 424
449 425
449 430
449 431
450 407
450 413
450 419
450 424
450 425
450 430
450 431
451 407
451 408
451 413
451 419
451 424
451 425
451 430
451 431
452 407
452 413
452 414
452 419
452 424
452 425
452 426
452 427
452 428
452 429
452 430
453 419
453 429

440 424
440 425
441 424
441 425
442 424
442 425
443 424
443 425
444 407
444 411
444 417
444 418
444 424
444 425
444 427
444 428
444 429
444 430
445 407
445 408
445 410
445 412
445 415
445 417
445 418
445 419
445 424
445 425
445 426
445 429
445 430
446 407
446 408
446 413
446 414
446 419
446 425
446 430
447 407
447 408
447 413
447 414
447 419
447 424
447 430
447 431
448 407
448 413
448 419
448 425
448 430
448 431
449 407
449 413
449 419
449 424
449 425
449 430
449 431
450 407
450 413
450 419
450 424
450 425
450 430
450 431
451 407
451 408
451 413
451 419
451 424
451 425
451 430
451 431
452 407
452 413
452 414
452 419
452 424
452 425
452 426
452 427
452 428
452 429
452 430
453 419
453 429

440 424
440 425
441 424
441 425
442 424
442 425
443 424
443 425
444 407
444 411
444 417
444 418
444 424
444 425
444 427
444 428
444 429
444 430
445 407
445 408
445 410
445 412
445 415
445 417
445 418
445 419
445 424
445 425
445 426
445 429
445 430
446 407
446 408
446 413
446 414
446 419
446 425
446 430
447 407
447 408
447 413
447 414
447 419
447 424
447 430
447 431
448 407
448 413
448 419
448 425
448 430
448 431
449 407
449 413
449 419
449 424
449 425
449 430
449 431
450 407
450 413
450 419
450 424
450 425
450 430
450 431
451 407
451 408
451 413
451 419
451 424
451 425
451 430
451 431
452 407
452 413
452 414
452 419
452 424
452 425
452 426
452 427
452 428
452 429
452 430
453 419
453 429

440 424
440 425
441 424
441 425
442 424
442 425
443 424
443 425
444 407
444 411
444 417
444 418
444 424
444 425
444 427
444 428
444 429
444 430
445 407
445 408
445 410
445 412
445 415
445 417
445 418
445 419
445 424
445 425
445 426
445 429
445 430
446 407
446 408
446 413
446 414
446 419
446 425
446 430
447 407
447 408
447 413
447 414
447 419
447 424
447 430
447 431
448 407
448 413
448 419
448 425
448 430
448 431
449 407
449 413
449 419
449 424
449 425
449 430
449 431
450 407
450 413
450 419
450 424
450 425
450 430
450 431
451 407
451 408
451 413
451 419
451 424
451 425
451 430
451 431
452 407
452 413
452 414
452 419
452 424
452 425
452 426
452 427
452 428
452 429
452 430
453 419
453 429

440 424
440 425
441 424
441 425
442 424
442 425
443 424
443 425
444 407
444 411
444 417
444 418
444 424
444 425
444 427
444 428
444 429
444 430
445 407
445 408
445 410
445 412
445 415
445 417
445 418
445 419
445 424
445 425
445 426
445 429
445 430
446 407
446 408
446 413
446 414
446 419
446 425
446 430
447 407
447 408
447 413
447 414
447 419
447 424
447 430
447 431
448 407
448 413
448 419
448 425
448 430
448 431
449 407
449 413
449 419
449 424
449 425
449 430
449 431
450 407
450 413
450 419
450 424
450 425
450 430
450 431
451 407
451 408
451 413
451 419
451 424
451 425
451 430
451 431
452 407
452 413
452 414
452 419
452 424
452 425
452 426
452 427
452 428
452 429
452 430
453 419
453 429

440 424
440 425
441 424
441 425
442 424
442 425
443 424
443 425
444 407
444 411
444 417
444 418
444 424
444 425
444 427
444 428
444 429
444 430
445 407
445 408
445 410
445 412
445 415
445 417
445 418
445 419
445 424
445 425
445 426
445 429
445 430
446 407
446 408
446 413
446 414
446 419
446 425
446 430
447 407
447 408
447 413
447 414
447 419
447 424
447 430
447 431
448 407
448 413
448 419
448 425
448 430
448 431
449 407
449 413
449 419
449 424
449 425
449 430
449 431
450 407
450 413
450 419
450 424
450 425
450 430
450 431
451 407
451 408
451 413
451 419
451 424
451 425
451 430
451 431
452 407
452 413
452 414
452 419
452 424
452 425
452 426
452 427
452 428
452 429
452 430
453 419
453 429

440 424
440 425
441 424
441 425
442 424
442 425
443 424
443 425
444 407
444 411
444 417
444 418
444 424
444 425
444 427
444 428
444 429
444 430
445 407
445 408
445 410
445 412
445 415
445 417
445 418
445 419
445 424
445 425
445 426
445 429
445 430
446 407
446 408
446 413
446 414
446 419
446 425
446 430
447 407
447 408
447 413
447 414
447 419
447 424
447 430
447 431
448 407
448 413
448 419
448 425
448 430
448 431
449 407
449 413
449 419
449 424
449 425
449 430
449 431
450 407
450 413
450 419
450 424
450 425
450 430
450 431
451 407
451 408
451 413
451 419
451 424
451 425
451 430
451 431
452 407
452 413
452 414
452 419
452 424
452 425
452 426
452 427
452 428
452 429
452 430
453 419
453 429

440 424
440 425
441 424
441 425
442 424
442 425
443 424
443 425
444 407
444 411
444 417
444 418
444 424
444 425
444 427
444 428
444 429
444 430
445 407
445 408
445 410
445 412
445 415
445 417
445 418
445 419
445 424
445 425
445 426
445 429
445 430
446 407
446 408
446 413
446 414
446 419
446 425
446 430
447 407
447 408
447 413
447 414
447 419
447 424
447 430
447 431
448 407
448 413
448 419
448 425
448 430
448 431
449 407
449 413
449 419
449 424
449 425
449 430
449 431
450 407
450 413
450 419
450 424
450 425
450 430
450 431
451 407
451 408
451 413
451 419
451 424
451 425
451 430
451 431
452 407
452 413
452 414
452 419
452 424
452 425
452 426
452 427
452 428
452 429
452 430
453 419
453 429

440 424
440 425
441 424
441 425
442 424
442 425
443 424
443 425
444 407
444 411
444 417
444 418
444 424
444 425
444 427
444 428
444 429
444 430
445 407
445 408
445 410
445 412
445 415
445 417
445 418
445 419
445 424
445 425
445 426
445 429
445 430
446 407
446 408
446 413
446 414
446 419
446 425
446 430
447 407
447 408
447 413
447 414
447 419
447 424
447 430
447 431
448 407
448 413
448 419
448 425
448 430
448 431
449 407
449 413
449 419
449 424
449 425
449 430
449 431
450 407
450 413
450 419
450 424
450 425
450 430
450 431
451 407
451 408
451 413
451 419
451 424
451 425
451 430
451 431
452 407
452 413
452 414
452 419
452 424
452 425
452 426
452 427
452 428
452 429
452 430
453 419
453 429

440 424
440 425
441 424
441 425
442 424
442 425
443 424
443 425
444 407
444 411
444 417
444 418
444 424
444 425
444 427
444 428
444 429
444 430
445 407
445 408
445 410
445 412
445 415
445 417
445 418
445 419
445 424
445 425
445 426
445 429
445 430
446 407
446 408
446 413
446 414
446 419
446 425
446 430
447 407
447 408
447 413
447 414
447 419
447 424
447 430
447 431
448 407
448 413
448 419
448 425
448 430
448 431
449 407
449 413
449 419
449 424
449 425
449 430
449 431
450 407
450 413
450 419
450 424
450 425
450 430
450 431
451 407
451 408
451 413
451 419
451 424
451 425
451 430
451 431
452 407
452 413
452 414
452 419
452 424
452 425
452 426
452 427
452 428
452 429
452 430
453 419
453 429

440 424
440 425
441 424
441 425
442 424
442 425
443 424
443 425
444 407
444 411
444 417
444 418
444 424
444 425
444 427
444 428
444 429
444 430
445 407
445 408
445 410
445 412
445 415
445 417
445 418
445 419
445 424
445 425
445 426
445 429
445 430
446 407
446 408
446 413
446 414
446 419
446 425
446 430
447 407
447 408
447 413
447 414
447 419
447 424
447 430
447 431
448 407
448 413
448 419
448 425
448 430
448 431
449 407
449 413
449 419
449 424
449 425
449 430
449 431
450 407
450 413
450 419
450 424
450 425
450 430
450 431
451 407
451 408
451 413
451 419
451 424
451 425
451 430
451 431
452 407
452 413
452 414
452 419
452 424
452 425
452 426
452 427
452 428
452 429
452 430
453 419
453 429

440 424
440 425
441 424
441 425
442 424
442 425
443 424
443 425
444 407
444 411
444 417
444 418
444 424
444 425
444 427
444 428
444 429
444 430
445 407
445 408
445 410
445 412
445 415
445 417
445 418
445 419
445 424
445 425
445 426
445 429
445 430
446 407
446 408
446 413
446 414
446 419
446 425
446 430
447 407
447 408
447 413
447 414
447 419
447 424
447 430
447 431
448 407
448 413
448 419
448 425
448 430
448 431
449 407
449 413
449 419
449 424
449 425
449 430
449 431
450 407
450 413
450 419
450 424
450 425
450 430
450 431
451 407
451 408
451 413
451 419
451 424
451 425
451 430
451 431
452 407
452 413
452 414
452 419
452 424
452 425
452 426
452 427
452 428
452 429
452 430
453 419
453 429

438 405
438 414
438 415
438 416
438 417
438 418
438 419
438 420
438 421
438 422
438 423
438 424
438 425
438 426
438 427
438 428
438 429
438 430
438 431
438 432
438 433
439 405
439 406
439 407
439 408
439 409
439 410
439 411
439 412
439 413
439 414
439 415
439 416
439 417
439 418
439 419
439 420
439 421
439 422
439 423
439 424
439 425
439 426
439 427
439 428
439 429
439 430
439 431
439 432
439 433
440 405
440 406
440 407
440 408
440 409
440 410
440 411
440 412
440 417
440 418
440 419
440 420
440 421
440 422
440 424
440 425
440 426
440 427
440 428
440 429
440 430
440 431
440 432
440 433
441 405
441 406
441 407
441 409
441 410
441 411
441 412
441 413
441 414
441 415
441 417
441 418
441 421
441 422
441 424
441 425
441 426
441 427
441 428
441 429
441 430
441 431
441 432
441 433
442 410
442 411
442 412
442 413
442 415
442 416
442 417
442 418
442 421
442 422
442 424
442 425
442 426
442 427
442 428
442 429
442 430
442 431
442 432
442 433
443 407
443 408
443 409
443 410
443 411
443 412
443 413
443 414
443 415
443 416
443 417
443 418
443 424
443 425
443 426
443 427
443 428
443 429
443 430
443 431
443 432
443 433
444 407
444 408
444 409
444 410
444 411
444 412
444 413
444 414
444 415
444 416
444 417
444 418
444 424
444 425
444 426
444 427
444 428
444 429
444 430
444 431
444 432
444 433
445 407
445 408
445 409
445 410
445 411
445 412
445 413
445 414
445 415
445 416
445 424
445 425
445 426
445 427
445 428
445 429
445 430
445 431
445 432
445 433
446 407
446 408
446 413
446 414
446 420
446 424
446 425
446 426
446 429
446 430
446 431
446 432
446 433
447 407
447 408
447 424
447 425
447 426
447 430
447 431
447 432
447 433
448 407
448 408
448 409
448 410
448 419
448 424
448 425
448 426
448 427
448 430
448 431
448 432
448 433
449 407
449 408
449 409
449 410
449 413
449 419
449 424
449 425
449 426
449 427
449 430
449 431
450 407
450 408
450 409
450 412
450 413
450 419
450 420
450 424
450 425
450 426
450 427
450 429
450 430
450 431
451 407
451 412
451 413
451 414
451 419
451 420
451 424
451 425
451 426
451 427
451 429
451 430
451 431
452 406
452 414
452 415
452 416
452 417
452 419
452 420
452 421
452 424
452 425
452 426
452 427
452 428
452 429
453 405
453 406
453 415
453 420
453 421
454 405
454 406
454 420
454 421
454 422

438 405
438 414
438 415
438 416
438 417
438 418
438 419
438 420
438 421
438 422
438 423
438 424
438 425
438 426
438 427
438 428
438 429
438 430
438 431
438 432
438 433
439 405
439 406
439 407
439 408
439 409
439 410
439 411
439 412
439 413
439 414
439 415
439 416
439 417
439 418
439 419
439 420
439 421
439 422
439 423
439 424
439 425
439 426
439 427
439 428
439 429
439 430
439 431
439 432
439 433
440 405
440 406
440 407
440 408
440 409
440 410
440 411
440 412
440 417
440 418
440 419
440 420
440 421
440 422
440 424
440 425
440 426
440 427
440 428
440 429
440 430
440 431
440 432
440 433
441 405
441 406
441 407
441 409
441 410
441 411
441 412
441 413
441 414
441 415
441 417
441 418
441 421
441 422
441 424
441 425
441 426
441 427
441 428
441 429
441 430
441 431
441 432
441 433
442 410
442 411
442 412
442 413
442 415
442 416
442 417
442 418
442 421
442 422
442 424
442 425
442 426
442 427
442 428
442 429
442 430
442 431
442 432
442 433
443 407
443 408
443 409
443 410
443 411
443 412
443 413
443 414
443 415
443 416
443 417
443 418
443 424
443 425
443 426
443 427
443 428
443 429
443 430
443 431
443 432
443 433
444 407
444 408
444 409
444 410
444 411
444 412
444 413
444 414
444 415
444 416
444 417
444 418
444 424
444 425
444 426
444 427
444 428
444 429
444 430
444 431
444 432
444 433
445 407
445 408
445 409
445 410
445 411
445 412
445 413
445 414
445 415
445 416
445 424
445 425
445 426
445 427
445 428
445 429
445 430
445 431
445 432
445 433
446 407
446 408
446 413
446 414
446 420
446 424
446 425
446 426
446 429
446 430
446 431
446 432
446 433
447 407
447 408
447 424
447 425
447 426
447 430
447 431
447 432
447 433
448 407
448 408
448 409
448 410
448 419
448 424
448 425
448 426
448 427
448 430
448 431
448 432
448 433
449 407
449 408
449 409
449 410
449 413
449 419
449 424
449 425
449 426
449 427
449 430
449 431
450 407
450 408
450 409
450 412
450 413
450 419
450 420
450 424
450 425
450 426
450 427
450 429
450 430
450 431
451 407
451 412
451 413
451 414
451 419
451 420
451 424
451 425
451 426
451 427
451 429
451 430
451 431
452 406
452 414
452 415
452 416
452 417
452 419
452 420
452 421
452 424
452 425
452 426
452 427
452 428
452 429
453 405
453 406
453 415
453 420
453 421
454 405
454 406
454 420
454 421
454 422

438 405
438 414
438 415
438 416
438 417
438 418
438 419
438 420
438 421
438 422
438 423
438 424
438 425
438 426
438 427
438 428
438 429
438 430
438 431
438 432
438 433
439 405
439 406
439 407
439 408
439 409
439 410
439 411
439 412
439 413
439 414
439 415
439 416
439 417
439 418
439 419
439 420
439 421
439 422
439 423
439 424
439 425
439 426
439 427
439 428
439 429
439 430
439 431
439 432
439 433
440 405
440 406
440 407
440 408
440 409
440 410
440 411
440 412
440 417
440 418
440 419
440 420
440 421
440 422
440 424
440 425
440 426
440 427
440 428
440 429
440 430
440 431
440 432
440 433
441 405
441 406
441 407
441 409
441 410
441 411
441 412
441 413
441 414
441 415
441 417
441 418
441 421
441 422
441 424
441 425
441 426
441 427
441 428
441 429
441 430
441 431
441 432
441 433
442 410
442 411
442 412
442 413
442 415
442 416
442 417
442 418
442 421
442 422
442 424
442 425
442 426
442 427
442 428
442 429
442 430
442 431
442 432
442 433
443 407
443 408
443 409
443 410
443 411
443 412
443 413
443 414
443 415
443 416
443 417
443 418
443 424
443 425
443 426
443 427
443 428
443 429
443 430
443 431
443 432
443 433
444 407
444 408
444 409
444 410
444 411
444 412
444 413
444 414
444 415
444 416
444 417
444 418
444 424
444 425
444 426
444 427
444 428
444 429
444 430
444 431
444 432
444 433
445 407
445 408
445 409
445 410
445 411
445 412
445 413
445 414
445 415
445 416
445 424
445 425
445 426
445 427
445 428
445 429
445 430
445 431
445 432
445 433
446 407
446 408
446 413
446 414
446 420
446 424
446 425
446 426
446 429
446 430
446 431
446 432
446 433
447 407
447 408
447 424
447 425
447 426
447 430
447 431
447 432
447 433
448 407
448 408
448 409
448 410
448 419
448 424
448 425
448 426
448 427
448 430
448 431
448 432
448 433
449 407
449 408
449 409
449 410
449 413
449 419
449 424
449 425
449 426
449 427
449 430
449 431
450 407
450 408
450 409
450 412
450 413
450 419
450 420
450 424
450 425
450 426
450 427
450 429
450 430
450 431
451 407
451 412
451 413
451 414
451 419
451 420
451 424
451 425
451 426
451 427
451 429
451 430
451 431
452 406
452 414
452 415
452 416
452 417
452 419
452 420
452 421
452 424
452 425
452 426
452 427
452 428
452 429
453 405
453 406
453 415
453 420
453 421
454 405
454 406
454 420
454 421
454 422

438 405
438 414
438 415
438 416
438 417
438 418
438 419
438 420
438 421
438 422
438 423
438 424
438 425
438 426
438 427
438 428
438 429
438 430
438 431
438 432
438 433
439 405
439 406
439 407
439 408
439 409
439 410
439 411
439 412
439 413
439 414
439 415
439 416
439 417
439 418
439 419
439 420
439 421
439 422
439 423
439 424
439 425
439 426
439 427
439 428
439 429
439 430
439 431
439 432
439 433
440 405
440 406
440 407
440 408
440 409
440 410
440 411
440 412
440 417
440 418
440 419
440 420
440 421
440 422
440 424
440 425
440 426
440 427
440 428
440 429
440 430
440 431
440 432
440 433
441 405
441 406
441 407
441 409
441 410
441 411
441 412
441 413
441 414
441 415
441 417
441 418
441 421
441 422
441 424
441 425
441 426
441 427
441 428
441 429
441 430
441 431
441 432
441 433
442 410
442 411
442 412
442 413
442 415
442 416
442 417
442 418
442 421
442 422
442 424
442 425
442 426
442 427
442 428
442 429
442 430
442 431
442 432
442 433
443 407
443 408
443 409
443 410
443 411
443 412
443 413
443 414
443 415
443 416
443 417
443 418
443 424
443 425
443 426
443 427
443 428
443 429
443 430
443 431
443 432
443 433
444 407
444 408
444 409
444 410
444 411
444 412
444 413
444 414
444 415
444 416
444 417
444 418
444 424
444 425
444 426
444 427
444 428
444 429
444 430
444 431
444 432
444 433
445 407
445 408
445 409
445 410
445 411
445 412
445 413
445 414
445 415
445 416
445 424
445 425
445 426
445 427
445 428
445 429
445 430
445 431
445 432
445 433
446 407
446 408
446 413
446 414
446 420
446 424
446 425
446 426
446 429
446 430
446 431
446 432
446 433
447 407
447 408
447 424
447 425
447 426
447 430
447 431
447 432
447 433
448 407
448 408
448 409
448 410
448 419
448 424
448 425
448 426
448 427
448 430
448 431
448 432
448 433
449 407
449 408
449 409
449 410
449 413
449 419
449 424
449 425
449 426
449 427
449 430
449 431
450 407
450 408
450 409
450 412
450 413
450 419
450 420
450 424
450 425
450 426
450 427
450 429
450 430
450 431
451 407
451 412
451 413
451 414
451 419
451 420
451 424
451 425
451 426
451 427
451 429
451 430
451 431
452 406
452 414
452 415
452 416
452 417
452 419
452 420
452 421
452 424
452 425
452 426
452 427
452 428
452 429
453 405
453 406
453 415
453 420
453 421
454 405
454 406
454 420
454 421
454 422

438 405
438 414
438 415
438 416
438 417
438 418
438 419
438 420
438 421
438 422
438 423
438 424
438 425
438 426
438 427
438 428
438 429
438 430
438 431
438 432
438 433
439 405
439 406
439 407
439 408
439 409
439 410
439 411
439 412
439 413
439 414
439 415
439 416
439 417
439 418
439 419
439 420
439 421
439 422
439 423
439 424
439 425
439 426
439 427
439 428
439 429
439 430
439 431
439 432
439 433
440 405
440 406
440 407
440 408
440 409
440 410
440 411
440 412
440 417
440 418
440 419
440 420
440 421
440 422
440 424
440 425
440 426
440 427
440 428
440 429
440 430
440 431
440 432
440 433
441 405
441 406
441 407
441 409
441 410
441 411
441 412
441 413
441 414
441 415
441 417
441 418
441 421
441 422
441 424
441 425
441 426
441 427
441 428
441 429
441 430
441 431
441 432
441 433
442 410
442 411
442 412
442 413
442 415
442 416
442 417
442 418
442 421
442 422
442 424
442 425
442 426
442 427
442 428
442 429
442 430
442 431
442 432
442 433
443 407
443 408
443 409
443 410
443 411
443 412
443 413
443 414
443 415
443 416
443 417
443 418
443 424
443 425
443 426
443 427
443 428
443 429
443 430
443 431
443 432
443 433
444 407
444 408
444 409
444 410
444 411
444 412
444 413
444 414
444 415
444 416
444 417
444 418
444 424
444 425
444 426
444 427
444 428
444 429
444 430
444 431
444 432
444 433
445 407
445 408
445 409
445 410
445 411
445 412
445 413
445 414
445 415
445 416
445 424
445 425
445 426
445 427
445 428
445 429
445 430
445 431
445 432
445 433
446 407
446 408
446 413
446 414
446 420
446 424
446 425
446 426
446 429
446 430
446 431
446 432
446 433
447 407
447 408
447 424
447 425
447 426
447 430
447 431
447 432
447 433
448 407
448 408
448 409
448 410
448 419
448 424
448 425
448 426
448 427
448 430
448 431
448 432
448 433
449 407
449 408
449 409
449 410
449 413
449 419
449 424
449 425
449 426
449 427
449 430
449 431
450 407
450 408
450 409
450 412
450 413
450 419
450 420
450 424
450 425
450 426
450 427
450 429
450 430
450 431
451 407
451 412
451 413
451 414
451 419
451 420
451 424
451 425
451 426
451 427
451 429
451 430
451 431
452 406
452 414
452 415
452 416
452 417
452 419
452 420
452 421
452 424
452 425
452 426
452 427
452 428
452 429
453 405
453 406
453 415
453 420
453 421
454 405
454 406
454 420
454 421
454 422

438 405
438 414
438 415
438 416
438 417
438 418
438 419
438 420
438 421
438 422
438 423
438 424
438 425
438 426
438 427
438 428
438 429
438 430
438 431
438 432
438 433
439 405
439 406
439 407
439 408
439 409
439 410
439 411
439 412
439 413
439 414
439 415
439 416
439 417
439 418
439 419
439 420
439 421
439 422
439 423
439 424
439 425
439 426
439 427
439 428
439 429
439 430
439 431
439 432
439 433
440 405
440 406
440 407
440 408
440 409
440 410
440 411
440 412
440 417
440 418
440 419
440 420
440 421
440 422
440 424
440 425
440 426
440 427
440 428
440 429
440 430
440 431
440 432
440 433
441 405
441 406
441 407
441 409
441 410
441 411
441 412
441 413
441 414
441 415
441 417
441 418
441 421
441 422
441 424
441 425
441 426
441 427
441 428
441 429
441 430
441 431
441 432
441 433
442 410
442 411
442 412
442 413
442 415
442 416
442 417
442 418
442 421
442 422
442 424
442 425
442 426
442 427
442 428
442 429
442 430
442 431
442 432
442 433
443 407
443 408
443 409
443 410
443 411
443 412
443 413
443 414
443 415
443 416
443 417
443 418
443 424
443 425
443 426
443 427
443 428
443 429
443 430
443 431
443 432
443 433
444 407
444 408
444 409
444 410
444 411
444 412
444 413
444 414
444 415
444 416
444 417
444 418
444 424
444 425
444 426
444 427
444 428
444 429
444 430
444 431
444 432
444 433
445 407
445 408
445 409
445 410
445 411
445 412
445 413
445 414
445 415
445 416
445 424
445 425
445 426
445 427
445 428
445 429
445 430
445 431
445 432
445 433
446 407
446 408
446 413
446 414
446 420
446 424
446 425
446 426
446 429
446 430
446 431
446 432
446 433
447 407
447 408
447 424
447 425
447 426
447 430
447 431
447 432
447 433
448 407
448 408
448 409
448 410
448 419
448 424
448 425
448 426
448 427
448 430
448 431
448 432
448 433
449 407
449 408
449 409
449 410
449 413
449 419
449 424
449 425
449 426
449 427
449 430
449 431
450 407
450 408
450 409
450 412
450 413
450 419
450 420
450 424
450 425
450 426
450 427
450 429
450 430
450 431
451 407
451 412
451 413
451 414
451 419
451 420
451 424
451 425
451 426
451 427
451 429
451 430
451 431
452 406
452 414
452 415
452 416
452 417
452 419
452 420
452 421
452 424
452 425
452 426
452 427
452 428
452 429
453 405
453 406
453 415
453 420
453 421
454 405
454 406
454 420
454 421
454 422

438 405
438 414
438 415
438 416
438 417
438 418
438 419
438 420
438 421
438 422
438 423
438 424
438 425
438 426
438 427
438 428
438 429
438 430
438 431
438 432
438 433
439 405
439 406
439 407
439 408
439 409
439 410
439 411
439 412
439 413
439 414
439 415
439 416
439 417
439 418
439 419
439 420
439 421
439 422
439 423
439 424
439 425
439 426
439 427
439 428
439 429
439 430
439 431
439 432
439 433
440 405
440 406
440 407
440 408
440 409
440 410
440 411
440 412
440 417
440 418
440 419
440 420
440 421
440 422
440 424
440 425
440 426
440 427
440 428
440 429
440 430
440 431
440 432
440 433
441 405
441 406
441 407
441 409
441 410
441 411
441 412
441 413
441 414
441 415
441 417
441 418
441 421
441 422
441 424
441 425
441 426
441 427
441 428
441 429
441 430
441 431
441 432
441 433
442 410
442 411
442 412
442 413
442 415
442 416
442 417
442 418
442 421
442 422
442 424
442 425
442 426
442 427
442 428
442 429
442 430
442 431
442 432
442 433
443 407
443 408
443 409
443 410
443 411
443 412
443 413
443 414
443 415
443 416
443 417
443 418
443 424
443 425
443 426
443 427
443 428
443 429
443 430
443 431
443 432
443 433
444 407
444 408
444 409
444 410
444 411
444 412
444 413
444 414
444 415
444 416
444 417
444 418
444 424
444 425
444 426
444 427
444 428
444 429
444 430
444 431
444 432
444 433
445 407
445 408
445 409
445 410
445 411
445 412
445 413
445 414
445 415
445 416
445 424
445 425
445 426
445 427
445 428
445 429
445 430
445 431
445 432
445 433
446 407
446 408
446 413
446 414
446 420
446 424
446 425
446 426
446 429
446 430
446 431
446 432
446 433
447 407
447 408
447 424
447 425
447 426
447 430
447 431
447 432
447 433
448 407
448 408
448 409
448 410
448 419
448 424
448 425
448 426
448 427
448 430
448 431
448 432
448 433
449 407
449 408
449 409
449 410
449 413
449 419
449 424
449 425
449 426
449 427
449 430
449 431
450 407
450 408
450 409
450 412
450 413
450 419
450 420
450 424
450 425
450 426
450 427
450 429
450 430
450 431
451 407
451 412
451 413
451 414
451 419
451 420
451 424
451 425
451 426
451 427
451 429
451 430
451 431
452 406
452 414
452 415
452 416
452 417
452 419
452 420
452 421
452 424
452 425
452 426
452 427
452 428
452 429
453 405
453 406
453 415
453 420
453 421
454 405
454 406
454 420
454 421
454 422

438 405
438 414
438 415
438 416
438 417
438 418
438 419
438 420
438 421
438 422
438 423
438 424
438 425
438 426
438 427
438 428
438 429
438 430
438 431
438 432
438 433
439 405
439 406
439 407
439 408
439 409
439 410
439 411
439 412
439 413
439 414
439 415
439 416
439 417
439 418
439 419
439 420
439 421
439 422
439 423
439 424
439 425
439 426
439 427
439 428
439 429
439 430
439 431
439 432
439 433
440 405
440 406
440 407
440 408
440 409
440 410
440 411
440 412
440 417
440 418
440 419
440 420
440 421
440 422
440 424
440 425
440 426
440 427
440 428
440 429
440 430
440 431
440 432
440 433
441 405
441 406
441 407
441 409
441 410
441 411
441 412
441 413
441 414
441 415
441 417
441 418
441 421
441 422
441 424
441 425
441 426
441 427
441 428
441 429
441 430
441 431
441 432
441 433
442 410
442 411
442 412
442 413
442 415
442 416
442 417
442 418
442 421
442 422
442 424
442 425
442 426
442 427
442 428
442 429
442 430
442 431
442 432
442 433
443 407
443 408
443 409
443 410
443 411
443 412
443 413
443 414
443 415
443 416
443 417
443 418
443 424
443 425
443 426
443 427
443 428
443 429
443 430
443 431
443 432
443 433
444 407
444 408
444 409
444 410
444 411
444 412
444 413
444 414
444 415
444 416
444 417
444 418
444 424
444 425
444 426
444 427
444 428
444 429
444 430
444 431
444 432
444 433
445 407
445 408
445 409
445 410
445 411
445 412
445 413
445 414
445 415
445 416
445 424
445 425
445 426
445 427
445 428
445 429
445 430
445 431
445 432
445 433
446 407
446 408
446 413
446 414
446 420
446 424
446 425
446 426
446 429
446 430
446 431
446 432
446 433
447 407
447 408
447 424
447 425
447 426
447 430
447 431
447 432
447 433
448 407
448 408
448 409
448 410
448 419
448 424
448 425
448 426
448 427
448 430
448 431
448 432
448 433
449 407
449 408
449 409
449 410
449 413
449 419
449 424
449 425
449 426
449 427
449 430
449 431
450 407
450 408
450 409
450 412
450 413
450 419
450 420
450 424
450 425
450 426
450 427
450 429
450 430
450 431
451 407
451 412
451 413
451 414
451 419
451 420
451 424
451 425
451 426
451 427
451 429
451 430
451 431
452 406
452 414
452 415
452 416
452 417
452 419
452 420
452 421
452 424
452 425
452 426
452 427
452 428
452 429
453 405
453 406
453 415
453 420
453 421
454 405
454 406
454 420
454 421
454 422

438 405
438 414
438 415
438 416
438 417
438 418
438 419
438 420
438 421
438 422
438 423
438 424
438 425
438 426
438 427
438 428
438 429
438 430
438 431
438 432
438 433
439 405
439 406
439 407
439 408
439 409
439 410
439 411
439 412
439 413
439 414
439 415
439 416
439 417
439 418
439 419
439 420
439 421
439 422
439 423
439 424
439 425
439 426
439 427
439 428
439 429
439 430
439 431
439 432
439 433
440 405
440 406
440 407
440 408
440 409
440 410
440 411
440 412
440 417
440 418
440 419
440 420
440 421
440 422
440 424
440 425
440 426
440 427
440 428
440 429
440 430
440 431
440 432
440 433
441 405
441 406
441 407
441 409
441 410
441 411
441 412
441 413
441 414
441 415
441 417
441 418
441 421
441 422
441 424
441 425
441 426
441 427
441 428
441 429
441 430
441 431
441 432
441 433
442 410
442 411
442 412
442 413
442 415
442 416
442 417
442 418
442 421
442 422
442 424
442 425
442 426
442 427
442 428
442 429
442 430
442 431
442 432
442 433
443 407
443 408
443 409
443 410
443 411
443 412
443 413
443 414
443 415
443 416
443 417
443 418
443 424
443 425
443 426
443 427
443 428
443 429
443 430
443 431
443 432
443 433
444 407
444 408
444 409
444 410
444 411
444 412
444 413
444 414
444 415
444 416
444 417
444 418
444 424
444 425
444 426
444 427
444 428
444 429
444 430
444 431
444 432
444 433
445 407
445 408
445 409
445 410
445 411
445 412
445 413
445 414
445 415
445 416
445 424
445 425
445 426
445 427
445 428
445 429
445 430
445 431
445 432
445 433
446 407
446 408
446 413
446 414
446 420
446 424
446 425
446 426
446 429
446 430
446 431
446 432
446 433
447 407
447 408
447 424
447 425
447 426
447 430
447 431
447 432
447 433
448 407
448 408
448 409
448 410
448 419
448 424
448 425
448 426
448 427
448 430
448 431
448 432
448 433
449 407
449 408
449 409
449 410
449 413
449 419
449 424
449 425
449 426
449 427
449 430
449 431
450 407
450 408
450 409
450 412
450 413
450 419
450 420
450 424
450 425
450 426
450 427
450 429
450 430
450 431
451 407
451 412
451 413
451 414
451 419
451 420
451 424
451 425
451 426
451 427
451 429
451 430
451 431
452 406
452 414
452 415
452 416
452 417
452 419
452 420
452 421
452 424
452 425
452 426
452 427
452 428
452 429
453 405
453 406
453 415
453 420
453 421
454 405
454 406
454 420
454 421
454 422

438 405
438 414
438 415
438 416
438 417
438 418
438 419
438 420
438 421
438 422
438 423
438 424
438 425
438 426
438 427
438 428
438 429
438 430
438 431
438 432
438 433
439 405
439 406
439 407
439 408
439 409
439 410
439 411
439 412
439 413
439 414
439 415
439 416
439 417
439 418
439 419
439 420
439 421
439 422
439 423
439 424
439 425
439 426
439 427
439 428
439 429
439 430
439 431
439 432
439 433
440 405
440 406
440 407
440 408
440 409
440 410
440 411
440 412
440 417
440 418
440 419
440 420
440 421
440 422
440 424
440 425
440 426
440 427
440 428
440 429
440 430
440 431
440 432
440 433
441 405
441 406
441 407
441 409
441 410
441 411
441 412
441 413
441 414
441 415
441 417
441 418
441 421
441 422
441 424
441 425
441 426
441 427
441 428
441 429
441 430
441 431
441 432
441 433
442 410
442 411
442 412
442 413
442 415
442 416
442 417
442 418
442 421
442 422
442 424
442 425
442 426
442 427
442 428
442 429
442 430
442 431
442 432
442 433
443 407
443 408
443 409
443 410
443 411
443 412
443 413
443 414
443 415
443 416
443 417
443 418
443 424
443 425
443 426
443 427
443 428
443 429
443 430
443 431
443 432
443 433
444 407
444 408
444 409
444 410
444 411
444 412
444 413
444 414
444 415
444 416
444 417
444 418
444 424
444 425
444 426
444 427
444 428
444 429
444 430
444 431
444 432
444 433
445 407
445 408
445 409
445 410
445 411
445 412
445 413
445 414
445 415
445 416
445 424
445 425
445 426
445 427
445 428
445 429
445 430
445 431
445 432
445 433
446 407
446 408
446 413
446 414
446 420
446 424
446 425
446 426
446 429
446 430
446 431
446 432
446 433
447 407
447 408
447 424
447 425
447 426
447 430
447 431
447 432
447 433
448 407
448 408
448 409
448 410
448 419
448 424
448 425
448 426
448 427
448 430
448 431
448 432
448 433
449 407
449 408
449 409
449 410
449 413
449 419
449 424
449 425
449 426
449 427
449 430
449 431
450 407
450 408
450 409
450 412
450 413
450 419
450 420
450 424
450 425
450 426
450 427
450 429
450 430
450 431
451 407
451 412
451 413
451 414
451 419
451 420
451 424
451 425
451 426
451 427
451 429
451 430
451 431
452 406
452 414
452 415
452 416
452 417
452 419
452 420
452 421
452 424
452 425
452 426
452 427
452 428
452 429
453 405
453 406
453 415
453 420
453 421
454 405
454 406
454 420
454 421
454 422

438 405
438 414
438 415
438 416
438 417
438 418
438 419
438 420
438 421
438 422
438 423
438 424
438 425
438 426
438 427
438 428
438 429
438 430
438 431
438 432
438 433
439 405
439 406
439 407
439 408
439 409
439 410
439 411
439 412
439 413
439 414
439 415
439 416
439 417
439 418
439 419
439 420
439 421
439 422
439 423
439 424
439 425
439 426
439 427
439 428
439 429
439 430
439 431
439 432
439 433
440 405
440 406
440 407
440 408
440 409
440 410
440 411
440 412
440 417
440 418
440 419
440 420
440 421
440 422
440 424
440 425
440 426
440 427
440 428
440 429
440 430
440 431
440 432
440 433
441 405
441 406
441 407
441 409
441 410
441 411
441 412
441 413
441 414
441 415
441 417
441 418
441 421
441 422
441 424
441 425
441 426
441 427
441 428
441 429
441 430
441 431
441 432
441 433
442 410
442 411
442 412
442 413
442 415
442 416
442 417
442 418
442 421
442 422
442 424
442 425
442 426
442 427
442 428
442 429
442 430
442 431
442 432
442 433
443 407
443 408
443 409
443 410
443 411
443 412
443 413
443 414
443 415
443 416
443 417
443 418
443 424
443 425
443 426
443 427
443 428
443 429
443 430
443 431
443 432
443 433
444 407
444 408
444 409
444 410
444 411
444 412
444 413
444 414
444 415
444 416
444 417
444 418
444 424
444 425
444 426
444 427
444 428
444 429
444 430
444 431
444 432
444 433
445 407
445 408
445 409
445 410
445 411
445 412
445 413
445 414
445 415
445 416
445 424
445 425
445 426
445 427
445 428
445 429
445 430
445 431
445 432
445 433
446 407
446 408
446 413
446 414
446 420
446 424
446 425
446 426
446 429
446 430
446 431
446 432
446 433
447 407
447 408
447 424
447 425
447 426
447 430
447 431
447 432
447 433
448 407
448 408
448 409
448 410
448 419
448 424
448 425
448 426
448 427
448 430
448 431
448 432
448 433
449 407
449 408
449 409
449 410
449 413
449 419
449 424
449 425
449 426
449 427
449 430
449 431
450 407
450 408
450 409
450 412
450 413
450 419
450 420
450 424
450 425
450 426
450 427
450 429
450 430
450 431
451 407
451 412
451 413
451 414
451 419
451 420
451 424
451 425
451 426
451 427
451 429
451 430
451 431
452 406
452 414
452 415
452 416
452 417
452 419
452 420
452 421
452 424
452 425
452 426
452 427
452 428
452 429
453 405
453 406
453 415
453 420
453 421
454 405
454 406
454 420
454 421
454 422

438 405
438 414
438 415
438 416
438 417
438 418
438 419
438 420
438 421
438 422
438 423
438 424
438 425
438 426
438 427
438 428
438 429
438 430
438 431
438 432
438 433
439 405
439 406
439 407
439 408
439 409
439 410
439 411
439 412
439 413
439 414
439 415
439 416
439 417
439 418
439 419
439 420
439 421
439 422
439 423
439 424
439 425
439 426
439 427
439 428
439 429
439 430
439 431
439 432
439 433
440 405
440 406
440 407
440 408
440 409
440 410
440 411
440 412
440 417
440 418
440 419
440 420
440 421
440 422
440 424
440 425
440 426
440 427
440 428
440 429
440 430
440 431
440 432
440 433
441 405
441 406
441 407
441 409
441 410
441 411
441 412
441 413
441 414
441 415
441 417
441 418
441 421
441 422
441 424
441 425
441 426
441 427
441 428
441 429
441 430
441 431
441 432
441 433
442 410
442 411
442 412
442 413
442 415
442 416
442 417
442 418
442 421
442 422
442 424
442 425
442 426
442 427
442 428
442 429
442 430
442 431
442 432
442 433
443 407
443 408
443 409
443 410
443 411
443 412
443 413
443 414
443 415
443 416
443 417
443 418
443 424
443 425
443 426
443 427
443 428
443 429
443 430
443 431
443 432
443 433
444 407
444 408
444 409
444 410
444 411
444 412
444 413
444 414
444 415
444 416
444 417
444 418
444 424
444 425
444 426
444 427
444 428
444 429
444 430
444 431
444 432
444 433
445 407
445 408
445 409
445 410
445 411
445 412
445 413
445 414
445 415
445 416
445 424
445 425
445 426
445 427
445 428
445 429
445 430
445 431
445 432
445 433
446 407
446 408
446 413
446 414
446 420
446 424
446 425
446 426
446 429
446 430
446 431
446 432
446 433
447 407
447 408
447 424
447 425
447 426
447 430
447 431
447 432
447 433
448 407
448 408
448 409
448 410
448 419
448 424
448 425
448 426
448 427
448 430
448 431
448 432
448 433
449 407
449 408
449 409
449 410
449 413
449 419
449 424
449 425
449 426
449 427
449 430
449 431
450 407
450 408
450 409
450 412
450 413
450 419
450 420
450 424
450 425
450 426
450 427
450 429
450 430
450 431
451 407
451 412
451 413
451 414
451 419
451 420
451 424
451 425
451 426
451 427
451 429
451 430
451 431
452 406
452 414
452 415
452 416
452 417
452 419
452 420
452 421
452 424
452 425
452 426
452 427
452 428
452 429
453 405
453 406
453 415
453 420
453 421
454 405
454 406
454 420
454 421
454 422

438 405
438 414
438 415
438 416
438 417
438 418
438 419
438 420
438 421
438 422
438 423
438 424
438 425
438 426
438 427
438 428
438 429
438 430
438 431
438 432
438 433
439 405
439 406
439 407
439 408
439 409
439 410
439 411
439 412
439 413
439 414
439 415
439 416
439 417
439 418
439 419
439 420
439 421
439 422
439 423
439 424
439 425
439 426
439 427
439 428
439 429
439 430
439 431
439 432
439 433
440 405
440 406
440 407
440 408
440 409
440 410
440 411
440 412
440 417
440 418
440 419
440 420
440 421
440 422
440 424
440 425
440 426
440 427
440 428
440 429
440 430
440 431
440 432
440 433
441 405
441 406
441 407
441 409
441 410
441 411
441 412
441 413
441 414
441 415
441 417
441 418
441 421
441 422
441 424
441 425
441 426
441 427
441 428
441 429
441 430
441 431
441 432
441 433
442 410
442 411
442 412
442 413
442 415
442 416
442 417
442 418
442 421
442 422
442 424
442 425
442 426
442 427
442 428
442 429
442 430
442 431
442 432
442 433
443 407
443 408
443 409
443 410
443 411
443 412
443 413
443 414
443 415
443 416
443 417
443 418
443 424
443 425
443 426
443 427
443 428
443 429
443 430
443 431
443 432
443 433
444 407
444 408
444 409
444 410
444 411
444 412
444 413
444 414
444 415
444 416
444 417
444 418
444 424
444 425
444 426
444 427
444 428
444 429
444 430
444 431
444 432
444 433
445 407
445 408
445 409
445 410
445 411
445 412
445 413
445 414
445 415
445 416
445 424
445 425
445 426
445 427
445 428
445 429
445 430
445 431
445 432
445 433
446 407
446 408
446 413
446 414
446 420
446 424
446 425
446 426
446 429
446 430
446 431
446 432
446 433
447 407
447 408
447 424
447 425
447 426
447 430
447 431
447 432
447 433
448 407
448 408
448 409
448 410
448 419
448 424
448 425
448 426
448 427
448 430
448 431
448 432
448 433
449 407
449 408
449 409
449 410
449 413
449 419
449 424
449 425
449 426
449 427
449 430
449 431
450 407
450 408
450 409
450 412
450 413
450 419
450 420
450 424
450 425
450 426
450 427
450 429
450 430
450 431
451 407
451 412
451 413
451 414
451 419
451 420
451 424
451 425
451 426
451 427
451 429
451 430
451 431
452 406
452 414
452 415
452 416
452 417
452 419
452 420
452 421
452 424
452 425
452 426
452 427
452 428
452 429
453 405
453 406
453 415
453 420
453 421
454 405
454 406
454 420
454 421
454 422

438 405
438 414
438 415
438 416
438 417
438 418
438 419
438 420
438 421
438 422
438 423
438 424
438 425
438 426
438 427
438 428
438 429
438 430
438 431
438 432
438 433
439 405
439 406
439 407
439 408
439 409
439 410
439 411
439 412
439 413
439 414
439 415
439 416
439 417
439 418
439 419
439 420
439 421
439 422
439 423
439 424
439 425
439 426
439 427
439 428
439 429
439 430
439 431
439 432
439 433
440 405
440 406
440 407
440 408
440 409
440 410
440 411
440 412
440 417
440 418
440 419
440 420
440 421
440 422
440 424
440 425
440 426
440 427
440 428
440 429
440 430
440 431
440 432
440 433
441 405
441 406
441 407
441 409
441 410
441 411
441 412
441 413
441 414
441 415
441 417
441 418
441 421
441 422
441 424
441 425
441 426
441 427
441 428
441 429
441 430
441 431
441 432
441 433
442 410
442 411
442 412
442 413
442 415
442 416
442 417
442 418
442 421
442 422
442 424
442 425
442 426
442 427
442 428
442 429
442 430
442 431
442 432
442 433
443 407
443 408
443 409
443 410
443 411
443 412
443 413
443 414
443 415
443 416
443 417
443 418
443 424
443 425
443 426
443 427
443 428
443 429
443 430
443 431
443 432
443 433
444 407
444 408
444 409
444 410
444 411
444 412
444 413
444 414
444 415
444 416
444 417
444 418
444 424
444 425
444 426
444 427
444 428
444 429
444 430
444 431
444 432
444 433
445 407
445 408
445 409
445 410
445 411
445 412
445 413
445 414
445 415
445 416
445 424
445 425
445 426
445 427
445 428
445 429
445 430
445 431
445 432
445 433
446 407
446 408
446 413
446 414
446 420
446 424
446 425
446 426
446 429
446 430
446 431
446 432
446 433
447 407
447 408
447 424
447 425
447 426
447 430
447 431
447 432
447 433
448 407
448 408
448 409
448 410
448 419
448 424
448 425
448 426
448 427
448 430
448 431
448 432
448 433
449 407
449 408
449 409
449 410
449 413
449 419
449 424
449 425
449 426
449 427
449 430
449 431
450 407
450 408
450 409
450 412
450 413
450 419
450 420
450 424
450 425
450 426
450 427
450 429
450 430
450 431
451 407
451 412
451 413
451 414
451 419
451 420
451 424
451 425
451 426
451 427
451 429
451 430
451 431
452 406
452 414
452 415
452 416
452 417
452 419
452 420
452 421
452 424
452 425
452 426
452 427
452 428
452 429
453 405
453 406
453 415
453 420
453 421
454 405
454 406
454 420
454 421
454 422

438 405
438 414
438 415
438 416
438 417
438 418
438 419
438 420
438 421
438 422
438 423
438 424
438 425
438 426
438 427
438 428
438 429
438 430
438 431
438 432
438 433
439 405
439 406
439 407
439 408
439 409
439 410
439 411
439 412
439 413
439 414
439 415
439 416
439 417
439 418
439 419
439 420
439 421
439 422
439 423
439 424
439 425
439 426
439 427
439 428
439 429
439 430
439 431
439 432
439 433
440 405
440 406
440 407
440 408
440 409
440 410
440 411
440 412
440 417
440 418
440 419
440 420
440 421
440 422
440 424
440 425
440 426
440 427
440 428
440 429
440 430
440 431
440 432
440 433
441 405
441 406
441 407
441 409
441 410
441 411
441 412
441 413
441 414
441 415
441 417
441 418
441 421
441 422
441 424
441 425
441 426
441 427
441 428
441 429
441 430
441 431
441 432
441 433
442 410
442 411
442 412
442 413
442 415
442 416
442 417
442 418
442 421
442 422
442 424
442 425
442 426
442 427
442 428
442 429
442 430
442 431
442 432
442 433
443 407
443 408
443 409
443 410
443 411
443 412
443 413
443 414
443 415
443 416
443 417
443 418
443 424
443 425
443 426
443 427
443 428
443 429
443 430
443 431
443 432
443 433
444 407
444 408
444 409
444 410
444 411
444 412
444 413
444 414
444 415
444 416
444 417
444 418
444 424
444 425
444 426
444 427
444 428
444 429
444 430
444 431
444 432
444 433
445 407
445 408
445 409
445 410
445 411
445 412
445 413
445 414
445 415
445 416
445 424
445 425
445 426
445 427
445 428
445 429
445 430
445 431
445 432
445 433
446 407
446 408
446 413
446 414
446 420
446 424
446 425
446 426
446 429
446 430
446 431
446 432
446 433
447 407
447 408
447 424
447 425
447 426
447 430
447 431
447 432
447 433
448 407
448 408
448 409
448 410
448 419
448 424
448 425
448 426
448 427
448 430
448 431
448 432
448 433
449 407
449 408
449 409
449 410
449 413
449 419
449 424
449 425
449 426
449 427
449 430
449 431
450 407
450 408
450 409
450 412
450 413
450 419
450 420
450 424
450 425
450 426
450 427
450 429
450 430
450 431
451 407
451 412
451 413
451 414
451 419
451 420
451 424
451 425
451 426
451 427
451 429
451 430
451 431
452 406
452 414
452 415
452 416
452 417
452 419
452 420
452 421
452 424
452 425
452 426
452 427
452 428
452 429
453 405
453 406
453 415
453 420
453 421
454 405
454 406
454 420
454 421
454 422

438 405
438 414
438 415
438 416
438 417
438 418
438 419
438 420
438 421
438 422
438 423
438 424
438 425
438 426
438 427
438 428
438 429
438 430
438 431
438 432
438 433
439 405
439 406
439 407
439 408
439 409
439 410
439 411
439 412
439 413
439 414
439 415
439 416
439 417
439 418
439 419
439 420
439 421
439 422
439 423
439 424
439 425
439 426
439 427
439 428
439 429
439 430
439 431
439 432
439 433
440 405
440 406
440 407
440 408
440 409
440 410
440 411
440 412
440 417
440 418
440 419
440 420
440 421
440 422
440 424
440 425
440 426
440 427
440 428
440 429
440 430
440 431
440 432
440 433
441 405
441 406
441 407
441 409
441 410
441 411
441 412
441 413
441 414
441 415
441 417
441 418
441 421
441 422
441 424
441 425
441 426
441 427
441 428
441 429
441 430
441 431
441 432
441 433
442 410
442 411
442 412
442 413
442 415
442 416
442 417
442 418
442 421
442 422
442 424
442 425
442 426
442 427
442 428
442 429
442 430
442 431
442 432
442 433
443 407
443 408
443 409
443 410
443 411
443 412
443 413
443 414
443 415
443 416
443 417
443 418
443 424
443 425
443 426
443 427
443 428
443 429
443 430
443 431
443 432
443 433
444 407
444 408
444 409
444 410
444 411
444 412
444 413
444 414
444 415
444 416
444 417
444 418
444 424
444 425
444 426
444 427
444 428
444 429
444 430
444 431
444 432
444 433
445 407
445 408
445 409
445 410
445 411
445 412
445 413
445 414
445 415
445 416
445 424
445 425
445 426
445 427
445 428
445 429
445 430
445 431
445 432
445 433
446 407
446 408
446 413
446 414
446 420
446 424
446 425
446 426
446 429
446 430
446 431
446 432
446 433
447 407
447 408
447 424
447 425
447 426
447 430
447 431
447 432
447 433
448 407
448 408
448 409
448 410
448 419
448 424
448 425
448 426
448 427
448 430
448 431
448 432
448 433
449 407
449 408
449 409
449 410
449 413
449 419
449 424
449 425
449 426
449 427
449 430
449 431
450 407
450 408
450 409
450 412
450 413
450 419
450 420
450 424
450 425
450 426
450 427
450 429
450 430
450 431
451 407
451 412
451 413
451 414
451 419
451 420
451 424
451 425
451 426
451 427
451 429
451 430
451 431
452 406
452 414
452 415
452 416
452 417
452 419
452 420
452 421
452 424
452 425
452 426
452 427
452 428
452 429
453 405
453 406
453 415
453 420
453 421
454 405
454 406
454 420
454 421
454 422

438 405
438 414
438 415
438 416
438 417
438 418
438 419
438 420
438 421
438 422
438 423
438 424
438 425
438 426
438 427
438 428
438 429
438 430
438 431
438 432
438 433
439 405
439 406
439 407
439 408
439 409
439 410
439 411
439 412
439 413
439 414
439 415
439 416
439 417
439 418
439 419
439 420
439 421
439 422
439 423
439 424
439 425
439 426
439 427
439 428
439 429
439 430
439 431
439 432
439 433
440 405
440 406
440 407
440 408
440 409
440 410
440 411
440 412
440 417
440 418
440 419
440 420
440 421
440 422
440 424
440 425
440 426
440 427
440 428
440 429
440 430
440 431
440 432
440 433
441 405
441 406
441 407
441 409
441 410
441 411
441 412
441 413
441 414
441 415
441 417
441 418
441 421
441 422
441 424
441 425
441 426
441 427
441 428
441 429
441 430
441 431
441 432
441 433
442 410
442 411
442 412
442 413
442 415
442 416
442 417
442 418
442 421
442 422
442 424
442 425
442 426
442 427
442 428
442 429
442 430
442 431
442 432
442 433
443 407
443 408
443 409
443 410
443 411
443 412
443 413
443 414
443 415
443 416
443 417
443 418
443 424
443 425
443 426
443 427
443 428
443 429
443 430
443 431
443 432
443 433
444 407
444 408
444 409
444 410
444 411
444 412
444 413
444 414
444 415
444 416
444 417
444 418
444 424
444 425
444 426
444 427
444 428
444 429
444 430
444 431
444 432
444 433
445 407
445 408
445 409
445 410
445 411
445 412
445 413
445 414
445 415
445 416
445 424
445 425
445 426
445 427
445 428
445 429
445 430
445 431
445 432
445 433
446 407
446 408
446 413
446 414
446 420
446 424
446 425
446 426
446 429
446 430
446 431
446 432
446 433
447 407
447 408
447 424
447 425
447 426
447 430
447 431
447 432
447 433
448 407
448 408
448 409
448 410
448 419
448 424
448 425
448 426
448 427
448 430
448 431
448 432
448 433
449 407
449 408
449 409
449 410
449 413
449 419
449 424
449 425
449 426
449 427
449 430
449 431
450 407
450 408
450 409
450 412
450 413
450 419
450 420
450 424
450 425
450 426
450 427
450 429
450 430
450 431
451 407
451 412
451 413
451 414
451 419
451 420
451 424
451 425
451 426
451 427
451 429
451 430
451 431
452 406
452 414
452 415
452 416
452 417
452 419
452 420
452 421
452 424
452 425
452 426
452 427
452 428
452 429
453 405
453 406
453 415
453 420
453 421
454 405
454 406
454 420
454 421
454 422

438 405
438 414
438 415
438 416
438 417
438 418
438 419
438 420
438 421
438 422
438 423
438 424
438 425
438 426
438 427
438 428
438 429
438 430
438 431
438 432
438 433
439 405
439 406
439 407
439 408
439 409
439 410
439 411
439 412
439 413
439 414
439 415
439 416
439 417
439 418
439 419
439 420
439 421
439 422
439 423
439 424
439 425
439 426
439 427
439 428
439 429
439 430
439 431
439 432
439 433
440 405
440 406
440 407
440 408
440 409
440 410
440 411
440 412
440 417
440 418
440 419
440 420
440 421
440 422
440 424
440 425
440 426
440 427
440 428
440 429
440 430
440 431
440 432
440 433
441 405
441 406
441 407
441 409
441 410
441 411
441 412
441 413
441 414
441 415
441 417
441 418
441 421
441 422
441 424
441 425
441 426
441 427
441 428
441 429
441 430
441 431
441 432
441 433
442 410
442 411
442 412
442 413
442 415
442 416
442 417
442 418
442 421
442 422
442 424
442 425
442 426
442 427
442 428
442 429
442 430
442 431
442 432
442 433
443 407
443 408
443 409
443 410
443 411
443 412
443 413
443 414
443 415
443 416
443 417
443 418
443 424
443 425
443 426
443 427
443 428
443 429
443 430
443 431
443 432
443 433
444 407
444 408
444 409
444 410
444 411
444 412
444 413
444 414
444 415
444 416
444 417
444 418
444 424
444 425
444 426
444 427
444 428
444 429
444 430
444 431
444 432
444 433
445 407
445 408
445 409
445 410
445 411
445 412
445 413
445 414
445 415
445 416
445 424
445 425
445 426
445 427
445 428
445 429
445 430
445 431
445 432
445 433
446 407
446 408
446 413
446 414
446 420
446 424
446 425
446 426
446 429
446 430
446 431
446 432
446 433
447 407
447 408
447 424
447 425
447 426
447 430
447 431
447 432
447 433
448 407
448 408
448 409
448 410
448 419
448 424
448 425
448 426
448 427
448 430
448 431
448 432
448 433
449 407
449 408
449 409
449 410
449 413
449 419
449 424
449 425
449 426
449 427
449 430
449 431
450 407
450 408
450 409
450 412
450 413
450 419
450 420
450 424
450 425
450 426
450 427
450 429
450 430
450 431
451 407
451 412
451 413
451 414
451 419
451 420
451 424
451 425
451 426
451 427
451 429
451 430
451 431
452 406
452 414
452 415
452 416
452 417
452 419
452 420
452 421
452 424
452 425
452 426
452 427
452 428
452 429
453 405
453 406
453 415
453 420
453 421
454 405
454 406
454 420
454 421
454 422

438 405
438 414
438 415
438 416
438 417
438 418
438 419
438 420
438 421
438 422
438 423
438 424
438 425
438 426
438 427
438 428
438 429
438 430
438 431
438 432
438 433
439 405
439 406
439 407
439 408
439 409
439 410
439 411
439 412
439 413
439 414
439 415
439 416
439 417
439 418
439 419
439 420
439 421
439 422
439 423
439 424
439 425
439 426
439 427
439 428
439 429
439 430
439 431
439 432
439 433
440 405
440 406
440 407
440 408
440 409
440 410
440 411
440 412
440 417
440 418
440 419
440 420
440 421
440 422
440 424
440 425
440 426
440 427
440 428
440 429
440 430
440 431
440 432
440 433
441 405
441 406
441 407
441 409
441 410
441 411
441 412
441 413
441 414
441 415
441 417
441 418
441 421
441 422
441 424
441 425
441 426
441 427
441 428
441 429
441 430
441 431
441 432
441 433
442 410
442 411
442 412
442 413
442 415
442 416
442 417
442 418
442 421
442 422
442 424
442 425
442 426
442 427
442 428
442 429
442 430
442 431
442 432
442 433
443 407
443 408
443 409
443 410
443 411
443 412
443 413
443 414
443 415
443 416
443 417
443 418
443 424
443 425
443 426
443 427
443 428
443 429
443 430
443 431
443 432
443 433
444 407
444 408
444 409
444 410
444 411
444 412
444 413
444 414
444 415
444 416
444 417
444 418
444 424
444 425
444 426
444 427
444 428
444 429
444 430
444 431
444 432
444 433
445 407
445 408
445 409
445 410
445 411
445 412
445 413
445 414
445 415
445 416
445 424
445 425
445 426
445 427
445 428
445 429
445 430
445 431
445 432
445 433
446 407
446 408
446 413
446 414
446 420
446 424
446 425
446 426
446 429
446 430
446 431
446 432
446 433
447 407
447 408
447 424
447 425
447 426
447 430
447 431
447 432
447 433
448 407
448 408
448 409
448 410
448 419
448 424
448 425
448 426
448 427
448 430
448 431
448 432
448 433
449 407
449 408
449 409
449 410
449 413
449 419
449 424
449 425
449 426
449 427
449 430
449 431
450 407
450 408
450 409
450 412
450 413
450 419
450 420
450 424
450 425
450 426
450 427
450 429
450 430
450 431
451 407
451 412
451 413
451 414
451 419
451 420
451 424
451 425
451 426
451 427
451 429
451 430
451 431
452 406
452 414
452 415
452 416
452 417
452 419
452 420
452 421
452 424
452 425
452 426
452 427
452 428
452 429
453 405
453 406
453 415
453 420
453 421
454 405
454 406
454 420
454 421
454 422

438 405
438 414
438 415
438 416
438 417
438 418
438 419
438 420
438 421
438 422
438 423
438 424
438 425
438 426
438 427
438 428
438 429
438 430
438 431
438 432
438 433
439 405
439 406
439 407
439 408
439 409
439 410
439 411
439 412
439 413
439 414
439 415
439 416
439 417
439 418
439 419
439 420
439 421
439 422
439 423
439 424
439 425
439 426
439 427
439 428
439 429
439 430
439 431
439 432
439 433
440 405
440 406
440 407
440 408
440 409
440 410
440 411
440 412
440 417
440 418
440 419
440 420
440 421
440 422
440 424
440 425
440 426
440 427
440 428
440 429
440 430
440 431
440 432
440 433
441 405
441 406
441 407
441 409
441 410
441 411
441 412
441 413
441 414
441 415
441 417
441 418
441 421
441 422
441 424
441 425
441 426
441 427
441 428
441 429
441 430
441 431
441 432
441 433
442 410
442 411
442 412
442 413
442 415
442 416
442 417
442 418
442 421
442 422
442 424
442 425
442 426
442 427
442 428
442 429
442 430
442 431
442 432
442 433
443 407
443 408
443 409
443 410
443 411
443 412
443 413
443 414
443 415
443 416
443 417
443 418
443 424
443 425
443 426
443 427
443 428
443 429
443 430
443 431
443 432
443 433
444 407
444 408
444 409
444 410
444 411
444 412
444 413
444 414
444 415
444 416
444 417
444 418
444 424
444 425
444 426
444 427
444 428
444 429
444 430
444 431
444 432
444 433
445 407
445 408
445 409
445 410
445 411
445 412
445 413
445 414
445 415
445 416
445 424
445 425
445 426
445 427
445 428
445 429
445 430
445 431
445 432
445 433
446 407
446 408
446 413
446 414
446 420
446 424
446 425
446 426
446 429
446 430
446 431
446 432
446 433
447 407
447 408
447 424
447 425
447 426
447 430
447 431
447 432
447 433
448 407
448 408
448 409
448 410
448 419
448 424
448 425
448 426
448 427
448 430
448 431
448 432
448 433
449 407
449 408
449 409
449 410
449 413
449 419
449 424
449 425
449 426
449 427
449 430
449 431
450 407
450 408
450 409
450 412
450 413
450 419
450 420
450 424
450 425
450 426
450 427
450 429
450 430
450 431
451 407
451 412
451 413
451 414
451 419
451 420
451 424
451 425
451 426
451 427
451 429
451 430
451 431
452 406
452 414
452 415
452 416
452 417
452 419
452 420
452 421
452 424
452 425
452 426
452 427
452 428
452 429
453 405
453 406
453 415
453 420
453 421
454 405
454 406
454 420
454 421
454 422

438 405
438 414
438 415
438 416
438 417
438 418
438 419
438 420
438 421
438 422
438 423
438 424
438 425
438 426
438 427
438 428
438 429
438 430
438 431
438 432
438 433
439 405
439 406
439 407
439 408
439 409
439 410
439 411
439 412
439 413
439 414
439 415
439 416
439 417
439 418
439 419
439 420
439 421
439 422
439 423
439 424
439 425
439 426
439 427
439 428
439 429
439 430
439 431
439 432
439 433
440 405
440 406
440 407
440 408
440 409
440 410
440 411
440 412
440 417
440 418
440 419
440 420
440 421
440 422
440 424
440 425
440 426
440 427
440 428
440 429
440 430
440 431
440 432
440 433
441 405
441 406
441 407
441 409
441 410
441 411
441 412
441 413
441 414
441 415
441 417
441 418
441 421
441 422
441 424
441 425
441 426
441 427
441 428
441 429
441 430
441 431
441 432
441 433
442 410
442 411
442 412
442 413
442 415
442 416
442 417
442 418
442 421
442 422
442 424
442 425
442 426
442 427
442 428
442 429
442 430
442 431
442 432
442 433
443 407
443 408
443 409
443 410
443 411
443 412
443 413
443 414
443 415
443 416
443 417
443 418
443 424
443 425
443 426
443 427
443 428
443 429
443 430
443 431
443 432
443 433
444 407
444 408
444 409
444 410
444 411
444 412
444 413
444 414
444 415
444 416
444 417
444 418
444 424
444 425
444 426
444 427
444 428
444 429
444 430
444 431
444 432
444 433
445 407
445 408
445 409
445 410
445 411
445 412
445 413
445 414
445 415
445 416
445 424
445 425
445 426
445 427
445 428
445 429
445 430
445 431
445 432
445 433
446 407
446 408
446 413
446 414
446 420
446 424
446 425
446 426
446 429
446 430
446 431
446 432
446 433
447 407
447 408
447 424
447 425
447 426
447 430
447 431
447 432
447 433
448 407
448 408
448 409
448 410
448 419
448 424
448 425
448 426
448 427
448 430
448 431
448 432
448 433
449 407
449 408
449 409
449 410
449 413
449 419
449 424
449 425
449 426
449 427
449 430
449 431
450 407
450 408
450 409
450 412
450 413
450 419
450 420
450 424
450 425
450 426
450 427
450 429
450 430
450 431
451 407
451 412
451 413
451 414
451 419
451 420
451 424
451 425
451 426
451 427
451 429
451 430
451 431
452 406
452 414
452 415
452 416
452 417
452 419
452 420
452 421
452 424
452 425
452 426
452 427
452 428
452 429
453 405
453 406
453 415
453 420
453 421
454 405
454 406
454 420
454 421
454 422

438 405
438 414
438 415
438 416
438 417
438 418
438 419
438 420
438 421
438 422
438 423
438 424
438 425
438 426
438 427
438 428
438 429
438 430
438 431
438 432
438 433
439 405
439 406
439 407
439 408
439 409
439 410
439 411
439 412
439 413
439 414
439 415
439 416
439 417
439 418
439 419
439 420
439 421
439 422
439 423
439 424
439 425
439 426
439 427
439 428
439 429
439 430
439 431
439 432
439 433
440 405
440 406
440 407
440 408
440 409
440 410
440 411
440 412
440 417
440 418
440 419
440 420
440 421
440 422
440 424
440 425
440 426
440 427
440 428
440 429
440 430
440 431
440 432
440 433
441 405
441 406
441 407
441 409
441 410
441 411
441 412
441 413
441 414
441 415
441 417
441 418
441 421
441 422
441 424
441 425
441 426
441 427
441 428
441 429
441 430
441 431
441 432
441 433
442 410
442 411
442 412
442 413
442 415
442 416
442 417
442 418
442 421
442 422
442 424
442 425
442 426
442 427
442 428
442 429
442 430
442 431
442 432
442 433
443 407
443 408
443 409
443 410
443 411
443 412
443 413
443 414
443 415
443 416
443 417
443 418
443 424
443 425
443 426
443 427
443 428
443 429
443 430
443 431
443 432
443 433
444 407
444 408
444 409
444 410
444 411
444 412
444 413
444 414
444 415
444 416
444 417
444 418
444 424
444 425
444 426
444 427
444 428
444 429
444 430
444 431
444 432
444 433
445 407
445 408
445 409
445 410
445 411
445 412
445 413
445 414
445 415
445 416
445 424
445 425
445 426
445 427
445 428
445 429
445 430
445 431
445 432
445 433
446 407
446 408
446 413
446 414
446 420
446 424
446 425
446 426
446 429
446 430
446 431
446 432
446 433
447 407
447 408
447 424
447 425
447 426
447 430
447 431
447 432
447 433
448 407
448 408
448 409
448 410
448 419
448 424
448 425
448 426
448 427
448 430
448 431
448 432
448 433
449 407
449 408
449 409
449 410
449 413
449 419
449 424
449 425
449 426
449 427
449 430
449 431
450 407
450 408
450 409
450 412
450 413
450 419
450 420
450 424
450 425
450 426
450 427
450 429
450 430
450 431
451 407
451 412
451 413
451 414
451 419
451 420
451 424
451 425
451 426
451 427
451 429
451 430
451 431
452 406
452 414
452 415
452 416
452 417
452 419
452 420
452 421
452 424
452 425
452 426
452 427
452 428
452 429
453 405
453 406
453 415
453 420
453 421
454 405
454 406
454 420
454 421
454 422

438 405
438 414
438 415
438 416
438 417
438 418
438 419
438 420
438 421
438 422
438 423
438 424
438 425
438 426
438 427
438 428
438 429
438 430
438 431
438 432
438 433
439 405
439 406
439 407
439 408
439 409
439 410
439 411
439 412
439 413
439 414
439 415
439 416
439 417
439 418
439 419
439 420
439 421
439 422
439 423
439 424
439 425
439 426
439 427
439 428
439 429
439 430
439 431
439 432
439 433
440 405
440 406
440 407
440 408
440 409
440 410
440 411
440 412
440 417
440 418
440 419
440 420
440 421
440 422
440 424
440 425
440 426
440 427
440 428
440 429
440 430
440 431
440 432
440 433
441 405
441 406
441 407
441 409
441 410
441 411
441 412
441 413
441 414
441 415
441 417
441 418
441 421
441 422
441 424
441 425
441 426
441 427
441 428
441 429
441 430
441 431
441 432
441 433
442 410
442 411
442 412
442 413
442 415
442 416
442 417
442 418
442 421
442 422
442 424
442 425
442 426
442 427
442 428
442 429
442 430
442 431
442 432
442 433
443 407
443 408
443 409
443 410
443 411
443 412
443 413
443 414
443 415
443 416
443 417
443 418
443 424
443 425
443 426
443 427
443 428
443 429
443 430
443 431
443 432
443 433
444 407
444 408
444 409
444 410
444 411
444 412
444 413
444 414
444 415
444 416
444 417
444 418
444 424
444 425
444 426
444 427
444 428
444 429
444 430
444 431
444 432
444 433
445 407
445 408
445 409
445 410
445 411
445 412
445 413
445 414
445 415
445 416
445 424
445 425
445 426
445 427
445 428
445 429
445 430
445 431
445 432
445 433
446 407
446 408
446 413
446 414
446 420
446 424
446 425
446 426
446 429
446 430
446 431
446 432
446 433
447 407
447 408
447 424
447 425
447 426
447 430
447 431
447 432
447 433
448 407
448 408
448 409
448 410
448 419
448 424
448 425
448 426
448 427
448 430
448 431
448 432
448 433
449 407
449 408
449 409
449 410
449 413
449 419
449 424
449 425
449 426
449 427
449 430
449 431
450 407
450 408
450 409
450 412
450 413
450 419
450 420
450 424
450 425
450 426
450 427
450 429
450 430
450 431
451 407
451 412
451 413
451 414
451 419
451 420
451 424
451 425
451 426
451 427
451 429
451 430
451 431
452 406
452 414
452 415
452 416
452 417
452 419
452 420
452 421
452 424
452 425
452 426
452 427
452 428
452 429
453 405
453 406
453 415
453 420
453 421
454 405
454 406
454 420
454 421
454 422

438 405
438 414
438 415
438 416
438 417
438 418
438 419
438 420
438 421
438 422
438 423
438 424
438 425
438 426
438 427
438 428
438 429
438 430
438 431
438 432
438 433
439 405
439 406
439 407
439 408
439 409
439 410
439 411
439 412
439 413
439 414
439 415
439 416
439 417
439 418
439 419
439 420
439 421
439 422
439 423
439 424
439 425
439 426
439 427
439 428
439 429
439 430
439 431
439 432
439 433
440 405
440 406
440 407
440 408
440 409
440 410
440 411
440 412
440 417
440 418
440 419
440 420
440 421
440 422
440 424
440 425
440 426
440 427
440 428
440 429
440 430
440 431
440 432
440 433
441 405
441 406
441 407
441 409
441 410
441 411
441 412
441 413
441 414
441 415
441 417
441 418
441 421
441 422
441 424
441 425
441 426
441 427
441 428
441 429
441 430
441 431
441 432
441 433
442 410
442 411
442 412
442 413
442 415
442 416
442 417
442 418
442 421
442 422
442 424
442 425
442 426
442 427
442 428
442 429
442 430
442 431
442 432
442 433
443 407
443 408
443 409
443 410
443 411
443 412
443 413
443 414
443 415
443 416
443 417
443 418
443 424
443 425
443 426
443 427
443 428
443 429
443 430
443 431
443 432
443 433
444 407
444 408
444 409
444 410
444 411
444 412
444 413
444 414
444 415
444 416
444 417
444 418
444 424
444 425
444 426
444 427
444 428
444 429
444 430
444 431
444 432
444 433
445 407
445 408
445 409
445 410
445 411
445 412
445 413
445 414
4