438 405
438 406
438 407
439 405
440 413
442 429
443 428
443 429
444 405
444 406
444 407
444 408
444 413
444 418
444 419
444 420
444 421
444 422
444 423
444 429
444 430
444 431
445 408
445 413
445 417
445 418
445 423
445 429
446 408
446 409
446 413
446 417
446 418
446 423
446 424
446 428
447 409
447 413
447 423
447 424
447 429
448 409
448 413
448 418
448 423
448 424
448 429
449 409
449 413
449 418
449 423
449 424
449 429
450 408
450 409
450 413
450 418
450 423
450 424
450 429
451 405
451 408
451 413
451 418
451 423
451 424
451 429
452 405
452 406
452 407
452 418
452 430
452 431
452 432
452 433
453 432
453 433
454 428
454 433

438 405
438 406
438 407
439 405
440 413
442 429
443 428
443 429
444 405
444 406
444 407
444 408
444 413
444 418
444 419
444 420
444 421
444 422
444 423
444 429
444 430
444 431
445 408
445 413
445 417
445 418
445 423
445 429
446 408
446 409
446 413
446 417
446 418
446 423
446 424
446 428
447 409
447 413
447 423
447 424
447 429
448 409
448 413
448 418
448 423
448 424
448 429
449 409
449 413
449 418
449 423
449 424
449 429
450 408
450 409
450 413
450 418
450 423
450 424
450 429
451 405
451 408
451 413
451 418
451 423
451 424
451 429
452 405
452 406
452 407
452 418
452 430
452 431
452 432
452 433
453 432
453 433
454 428
454 433

438 405
438 406
438 407
439 405
440 413
442 429
443 428
443 429
444 405
444 406
444 407
444 408
444 413
444 418
444 419
444 420
444 421
444 422
444 423
444 429
444 430
444 431
445 408
445 413
445 417
445 418
445 423
445 429
446 408
446 409
446 413
446 417
446 418
446 423
446 424
446 428
447 409
447 413
447 423
447 424
447 429
448 409
448 413
448 418
448 423
448 424
448 429
449 409
449 413
449 418
449 423
449 424
449 429
450 408
450 409
450 413
450 418
450 423
450 424
450 429
451 405
451 408
451 413
451 418
451 423
451 424
451 429
452 405
452 406
452 407
452 418
452 430
452 431
452 432
452 433
453 432
453 433
454 428
454 433

438 405
438 406
438 407
439 405
440 413
442 429
443 428
443 429
444 405
444 406
444 407
444 408
444 413
444 418
444 419
444 420
444 421
444 422
444 423
444 429
444 430
444 431
445 408
445 413
445 417
445 418
445 423
445 429
446 408
446 409
446 413
446 417
446 418
446 423
446 424
446 428
447 409
447 413
447 423
447 424
447 429
448 409
448 413
448 418
448 423
448 424
448 429
449 409
449 413
449 418
449 423
449 424
449 429
450 408
450 409
450 413
450 418
450 423
450 424
450 429
451 405
451 408
451 413
451 418
451 423
451 424
451 429
452 405
452 406
452 407
452 418
452 430
452 431
452 432
452 433
453 432
453 433
454 428
454 433

438 405
438 406
438 407
439 405
440 413
442 429
443 428
443 429
444 405
444 406
444 407
444 408
444 413
444 418
444 419
444 420
444 421
444 422
444 423
444 429
444 430
444 431
445 408
445 413
445 417
445 418
445 423
445 429
446 408
446 409
446 413
446 417
446 418
446 423
446 424
446 428
447 409
447 413
447 423
447 424
447 429
448 409
448 413
448 418
448 423
448 424
448 429
449 409
449 413
449 418
449 423
449 424
449 429
450 408
450 409
450 413
450 418
450 423
450 424
450 429
451 405
451 408
451 413
451 418
451 423
451 424
451 429
452 405
452 406
452 407
452 418
452 430
452 431
452 432
452 433
453 432
453 433
454 428
454 433

438 405
438 406
438 407
439 405
440 413
442 429
443 428
443 429
444 405
444 406
444 407
444 408
444 413
444 418
444 419
444 420
444 421
444 422
444 423
444 429
444 430
444 431
445 408
445 413
445 417
445 418
445 423
445 429
446 408
446 409
446 413
446 417
446 418
446 423
446 424
446 428
447 409
447 413
447 423
447 424
447 429
448 409
448 413
448 418
448 423
448 424
448 429
449 409
449 413
449 418
449 423
449 424
449 429
450 408
450 409
450 413
450 418
450 423
450 424
450 429
451 405
451 408
451 413
451 418
451 423
451 424
451 429
452 405
452 406
452 407
452 418
452 430
452 431
452 432
452 433
453 432
453 433
454 428
454 433

438 405
438 406
438 407
439 405
440 413
442 429
443 428
443 429
444 405
444 406
444 407
444 408
444 413
444 418
444 419
444 420
444 421
444 422
444 423
444 429
444 430
444 431
445 408
445 413
445 417
445 418
445 423
445 429
446 408
446 409
446 413
446 417
446 418
446 423
446 424
446 428
447 409
447 413
447 423
447 424
447 429
448 409
448 413
448 418
448 423
448 424
448 429
449 409
449 413
449 418
449 423
449 424
449 429
450 408
450 409
450 413
450 418
450 423
450 424
450 429
451 405
451 408
451 413
451 418
451 423
451 424
451 429
452 405
452 406
452 407
452 418
452 430
452 431
452 432
452 433
453 432
453 433
454 428
454 433

438 405
438 406
438 407
439 405
440 413
442 429
443 428
443 429
444 405
444 406
444 407
444 408
444 413
444 418
444 419
444 420
444 421
444 422
444 423
444 429
444 430
444 431
445 408
445 413
445 417
445 418
445 423
445 429
446 408
446 409
446 413
446 417
446 418
446 423
446 424
446 428
447 409
447 413
447 423
447 424
447 429
448 409
448 413
448 418
448 423
448 424
448 429
449 409
449 413
449 418
449 423
449 424
449 429
450 408
450 409
450 413
450 418
450 423
450 424
450 429
451 405
451 408
451 413
451 418
451 423
451 424
451 429
452 405
452 406
452 407
452 418
452 430
452 431
452 432
452 433
453 432
453 433
454 428
454 433

438 405
438 406
438 407
439 405
440 413
442 429
443 428
443 429
444 405
444 406
444 407
444 408
444 413
444 418
444 419
444 420
444 421
444 422
444 423
444 429
444 430
444 431
445 408
445 413
445 417
445 418
445 423
445 429
446 408
446 409
446 413
446 417
446 418
446 423
446 424
446 428
447 409
447 413
447 423
447 424
447 429
448 409
448 413
448 418
448 423
448 424
448 429
449 409
449 413
449 418
449 423
449 424
449 429
450 408
450 409
450 413
450 418
450 423
450 424
450 429
451 405
451 408
451 413
451 418
451 423
451 424
451 429
452 405
452 406
452 407
452 418
452 430
452 431
452 432
452 433
453 432
453 433
454 428
454 433

438 405
438 406
438 407
439 405
440 413
442 429
443 428
443 429
444 405
444 406
444 407
444 408
444 413
444 418
444 419
444 420
444 421
444 422
444 423
444 429
444 430
444 431
445 408
445 413
445 417
445 418
445 423
445 429
446 408
446 409
446 413
446 417
446 418
446 423
446 424
446 428
447 409
447 413
447 423
447 424
447 429
448 409
448 413
448 418
448 423
448 424
448 429
449 409
449 413
449 418
449 423
449 424
449 429
450 408
450 409
450 413
450 418
450 423
450 424
450 429
451 405
451 408
451 413
451 418
451 423
451 424
451 429
452 405
452 406
452 407
452 418
452 430
452 431
452 432
452 433
453 432
453 433
454 428
454 433

438 405
438 406
438 407
439 405
440 413
442 429
443 428
443 429
444 405
444 406
444 407
444 408
444 413
444 418
444 419
444 420
444 421
444 422
444 423
444 429
444 430
444 431
445 408
445 413
445 417
445 418
445 423
445 429
446 408
446 409
446 413
446 417
446 418
446 423
446 424
446 428
447 409
447 413
447 423
447 424
447 429
448 409
448 413
448 418
448 423
448 424
448 429
449 409
449 413
449 418
449 423
449 424
449 429
450 408
450 409
450 413
450 418
450 423
450 424
450 429
451 405
451 408
451 413
451 418
451 423
451 424
451 429
452 405
452 406
452 407
452 418
452 430
452 431
452 432
452 433
453 432
453 433
454 428
454 433

438 405
438 406
438 407
439 405
440 413
442 429
443 428
443 429
444 405
444 406
444 407
444 408
444 413
444 418
444 419
444 420
444 421
444 422
444 423
444 429
444 430
444 431
445 408
445 413
445 417
445 418
445 423
445 429
446 408
446 409
446 413
446 417
446 418
446 423
446 424
446 428
447 409
447 413
447 423
447 424
447 429
448 409
448 413
448 418
448 423
448 424
448 429
449 409
449 413
449 418
449 423
449 424
449 429
450 408
450 409
450 413
450 418
450 423
450 424
450 429
451 405
451 408
451 413
451 418
451 423
451 424
451 429
452 405
452 406
452 407
452 418
452 430
452 431
452 432
452 433
453 432
453 433
454 428
454 433

438 405
438 406
438 407
439 405
440 413
442 429
443 428
443 429
444 405
444 406
444 407
444 408
444 413
444 418
444 419
444 420
444 421
444 422
444 423
444 429
444 430
444 431
445 408
445 413
445 417
445 418
445 423
445 429
446 408
446 409
446 413
446 417
446 418
446 423
446 424
446 428
447 409
447 413
447 423
447 424
447 429
448 409
448 413
448 418
448 423
448 424
448 429
449 409
449 413
449 418
449 423
449 424
449 429
450 408
450 409
450 413
450 418
450 423
450 424
450 429
451 405
451 408
451 413
451 418
451 423
451 424
451 429
452 405
452 406
452 407
452 418
452 430
452 431
452 432
452 433
453 432
453 433
454 428
454 433

438 405
438 406
438 407
439 405
440 413
442 429
443 428
443 429
444 405
444 406
444 407
444 408
444 413
444 418
444 419
444 420
444 421
444 422
444 423
444 429
444 430
444 431
445 408
445 413
445 417
445 418
445 423
445 429
446 408
446 409
446 413
446 417
446 418
446 423
446 424
446 428
447 409
447 413
447 423
447 424
447 429
448 409
448 413
448 418
448 423
448 424
448 429
449 409
449 413
449 418
449 423
449 424
449 429
450 408
450 409
450 413
450 418
450 423
450 424
450 429
451 405
451 408
451 413
451 418
451 423
451 424
451 429
452 405
452 406
452 407
452 418
452 430
452 431
452 432
452 433
453 432
453 433
454 428
454 433

438 405
438 406
438 407
439 405
440 413
442 429
443 428
443 429
444 405
444 406
444 407
444 408
444 413
444 418
444 419
444 420
444 421
444 422
444 423
444 429
444 430
444 431
445 408
445 413
445 417
445 418
445 423
445 429
446 408
446 409
446 413
446 417
446 418
446 423
446 424
446 428
447 409
447 413
447 423
447 424
447 429
448 409
448 413
448 418
448 423
448 424
448 429
449 409
449 413
449 418
449 423
449 424
449 429
450 408
450 409
450 413
450 418
450 423
450 424
450 429
451 405
451 408
451 413
451 418
451 423
451 424
451 429
452 405
452 406
452 407
452 418
452 430
452 431
452 432
452 433
453 432
453 433
454 428
454 433

438 405
438 406
438 407
439 405
440 413
442 429
443 428
443 429
444 405
444 406
444 407
444 408
444 413
444 418
444 419
444 420
444 421
444 422
444 423
444 429
444 430
444 431
445 408
445 413
445 417
445 418
445 423
445 429
446 408
446 409
446 413
446 417
446 418
446 423
446 424
446 428
447 409
447 413
447 423
447 424
447 429
448 409
448 413
448 418
448 423
448 424
448 429
449 409
449 413
449 418
449 423
449 424
449 429
450 408
450 409
450 413
450 418
450 423
450 424
450 429
451 405
451 408
451 413
451 418
451 423
451 424
451 429
452 405
452 406
452 407
452 418
452 430
452 431
452 432
452 433
453 432
453 433
454 428
454 433

438 405
438 406
438 407
439 405
440 413
442 429
443 428
443 429
444 405
444 406
444 407
444 408
444 413
444 418
444 419
444 420
444 421
444 422
444 423
444 429
444 430
444 431
445 408
445 413
445 417
445 418
445 423
445 429
446 408
446 409
446 413
446 417
446 418
446 423
446 424
446 428
447 409
447 413
447 423
447 424
447 429
448 409
448 413
448 418
448 423
448 424
448 429
449 409
449 413
449 418
449 423
449 424
449 429
450 408
450 409
450 413
450 418
450 423
450 424
450 429
451 405
451 408
451 413
451 418
451 423
451 424
451 429
452 405
452 406
452 407
452 418
452 430
452 431
452 432
452 433
453 432
453 433
454 428
454 433

438 405
438 406
438 407
439 405
440 413
442 429
443 428
443 429
444 405
444 406
444 407
444 408
444 413
444 418
444 419
444 420
444 421
444 422
444 423
444 429
444 430
444 431
445 408
445 413
445 417
445 418
445 423
445 429
446 408
446 409
446 413
446 417
446 418
446 423
446 424
446 428
447 409
447 413
447 423
447 424
447 429
448 409
448 413
448 418
448 423
448 424
448 429
449 409
449 413
449 418
449 423
449 424
449 429
450 408
450 409
450 413
450 418
450 423
450 424
450 429
451 405
451 408
451 413
451 418
451 423
451 424
451 429
452 405
452 406
452 407
452 418
452 430
452 431
452 432
452 433
453 432
453 433
454 428
454 433

438 405
438 406
438 407
439 405
440 413
442 429
443 428
443 429
444 405
444 406
444 407
444 408
444 413
444 418
444 419
444 420
444 421
444 422
444 423
444 429
444 430
444 431
445 408
445 413
445 417
445 418
445 423
445 429
446 408
446 409
446 413
446 417
446 418
446 423
446 424
446 428
447 409
447 413
447 423
447 424
447 429
448 409
448 413
448 418
448 423
448 424
448 429
449 409
449 413
449 418
449 423
449 424
449 429
450 408
450 409
450 413
450 418
450 423
450 424
450 429
451 405
451 408
451 413
451 418
451 423
451 424
451 429
452 405
452 406
452 407
452 418
452 430
452 431
452 432
452 433
453 432
453 433
454 428
454 433

438 405
438 406
438 407
439 405
440 413
442 429
443 428
443 429
444 405
444 406
444 407
444 408
444 413
444 418
444 419
444 420
444 421
444 422
444 423
444 429
444 430
444 431
445 408
445 413
445 417
445 418
445 423
445 429
446 408
446 409
446 413
446 417
446 4438 419
438 420
438 421
439 419
439 420
439 421
440 419
440 420
440 421
440 422
441 419
441 420
441 421
441 422
441 428
441 429
442 418
442 419
442 420
442 421
442 428
442 429
442 430
443 417
443 418
443 419
443 420
443 428
443 429
443 430
444 405
444 406
444 407
444 408
444 417
444 418
444 419
444 420
444 422
444 423
444 429
444 430
445 408
445 417
445 418
445 419
445 420
445 423
445 429
445 430
446 408
446 409
446 412
446 413
446 417
446 418
446 419
446 423
446 429
446 430
447 408
447 409
447 413
447 417
447 418
447 419
447 423
447 429
448 409
448 413
448 417
448 418
448 419
448 420
448 423
448 424
448 429
448 430
449 408
449 409
449 413
449 417
449 418
449 419
449 420
449 423
449 424
449 429
450 408
450 409
450 413
450 417
450 418
450 419
450 420
450 423
450 424
450 429
450 430
451 408
451 413
451 417
451 418
451 419
451 420
451 423
451 424
451 429
451 430
452 405
452 406
452 417
452 418
452 419
452 420
452 421
452 430
452 431
453 418
453 419
453 420
454 419
454 420

438 419
438 420
438 421
439 419
439 420
439 421
440 419
440 420
440 421
440 422
441 419
441 420
441 421
441 422
441 428
441 429
442 418
442 419
442 420
442 421
442 428
442 429
442 430
443 417
443 418
443 419
443 420
443 428
443 429
443 430
444 405
444 406
444 407
444 408
444 417
444 418
444 419
444 420
444 422
444 423
444 429
444 430
445 408
445 417
445 418
445 419
445 420
445 423
445 429
445 430
446 408
446 409
446 412
446 413
446 417
446 418
446 419
446 423
446 429
446 430
447 408
447 409
447 413
447 417
447 418
447 419
447 423
447 429
448 409
448 413
448 417
448 418
448 419
448 420
448 423
448 424
448 429
448 430
449 408
449 409
449 413
449 417
449 418
449 419
449 420
449 423
449 424
449 429
450 408
450 409
450 413
450 417
450 418
450 419
450 420
450 423
450 424
450 429
450 430
451 408
451 413
451 417
451 418
451 419
451 420
451 423
451 424
451 429
451 430
452 405
452 406
452 417
452 418
452 419
452 420
452 421
452 430
452 431
453 418
453 419
453 420
454 419
454 420

438 419
438 420
438 421
439 419
439 420
439 421
440 419
440 420
440 421
440 422
441 419
441 420
441 421
441 422
441 428
441 429
442 418
442 419
442 420
442 421
442 428
442 429
442 430
443 417
443 418
443 419
443 420
443 428
443 429
443 430
444 405
444 406
444 407
444 408
444 417
444 418
444 419
444 420
444 422
444 423
444 429
444 430
445 408
445 417
445 418
445 419
445 420
445 423
445 429
445 430
446 408
446 409
446 412
446 413
446 417
446 418
446 419
446 423
446 429
446 430
447 408
447 409
447 413
447 417
447 418
447 419
447 423
447 429
448 409
448 413
448 417
448 418
448 419
448 420
448 423
448 424
448 429
448 430
449 408
449 409
449 413
449 417
449 418
449 419
449 420
449 423
449 424
449 429
450 408
450 409
450 413
450 417
450 418
450 419
450 420
450 423
450 424
450 429
450 430
451 408
451 413
451 417
451 418
451 419
451 420
451 423
451 424
451 429
451 430
452 405
452 406
452 417
452 418
452 419
452 420
452 421
452 430
452 431
453 418
453 419
453 420
454 419
454 420

438 419
438 420
438 421
439 419
439 420
439 421
440 419
440 420
440 421
440 422
441 419
441 420
441 421
441 422
441 428
441 429
442 418
442 419
442 420
442 421
442 428
442 429
442 430
443 417
443 418
443 419
443 420
443 428
443 429
443 430
444 405
444 406
444 407
444 408
444 417
444 418
444 419
444 420
444 422
444 423
444 429
444 430
445 408
445 417
445 418
445 419
445 420
445 423
445 429
445 430
446 408
446 409
446 412
446 413
446 417
446 418
446 419
446 423
446 429
446 430
447 408
447 409
447 413
447 417
447 418
447 419
447 423
447 429
448 409
448 413
448 417
448 418
448 419
448 420
448 423
448 424
448 429
448 430
449 408
449 409
449 413
449 417
449 418
449 419
449 420
449 423
449 424
449 429
450 408
450 409
450 413
450 417
450 418
450 419
450 420
450 423
450 424
450 429
450 430
451 408
451 413
451 417
451 418
451 419
451 420
451 423
451 424
451 429
451 430
452 405
452 406
452 417
452 418
452 419
452 420
452 421
452 430
452 431
453 418
453 419
453 420
454 419
454 420

438 419
438 420
438 421
439 419
439 420
439 421
440 419
440 420
440 421
440 422
441 419
441 420
441 421
441 422
441 428
441 429
442 418
442 419
442 420
442 421
442 428
442 429
442 430
443 417
443 418
443 419
443 420
443 428
443 429
443 430
444 405
444 406
444 407
444 408
444 417
444 418
444 419
444 420
444 422
444 423
444 429
444 430
445 408
445 417
445 418
445 419
445 420
445 423
445 429
445 430
446 408
446 409
446 412
446 413
446 417
446 418
446 419
446 423
446 429
446 430
447 408
447 409
447 413
447 417
447 418
447 419
447 423
447 429
448 409
448 413
448 417
448 418
448 419
448 420
448 423
448 424
448 429
448 430
449 408
449 409
449 413
449 417
449 418
449 419
449 420
449 423
449 424
449 429
450 408
450 409
450 413
450 417
450 418
450 419
450 420
450 423
450 424
450 429
450 430
451 408
451 413
451 417
451 418
451 419
451 420
451 423
451 424
451 429
451 430
452 405
452 406
452 417
452 418
452 419
452 420
452 421
452 430
452 431
453 418
453 419
453 420
454 419
454 420

438 419
438 420
438 421
439 419
439 420
439 421
440 419
440 420
440 421
440 422
441 419
441 420
441 421
441 422
441 428
441 429
442 418
442 419
442 420
442 421
442 428
442 429
442 430
443 417
443 418
443 419
443 420
443 428
443 429
443 430
444 405
444 406
444 407
444 408
444 417
444 418
444 419
444 420
444 422
444 423
444 429
444 430
445 408
445 417
445 418
445 419
445 420
445 423
445 429
445 430
446 408
446 409
446 412
446 413
446 417
446 418
446 419
446 423
446 429
446 430
447 408
447 409
447 413
447 417
447 418
447 419
447 423
447 429
448 409
448 413
448 417
448 418
448 419
448 420
448 423
448 424
448 429
448 430
449 408
449 409
449 413
449 417
449 418
449 419
449 420
449 423
449 424
449 429
450 408
450 409
450 413
450 417
450 418
450 419
450 420
450 423
450 424
450 429
450 430
451 408
451 413
451 417
451 418
451 419
451 420
451 423
451 424
451 429
451 430
452 405
452 406
452 417
452 418
452 419
452 420
452 421
452 430
452 431
453 418
453 419
453 420
454 419
454 420

438 419
438 420
438 421
439 419
439 420
439 421
440 419
440 420
440 421
440 422
441 419
441 420
441 421
441 422
441 428
441 429
442 418
442 419
442 420
442 421
442 428
442 429
442 430
443 417
443 418
443 419
443 420
443 428
443 429
443 430
444 405
444 406
444 407
444 408
444 417
444 418
444 419
444 420
444 422
444 423
444 429
444 430
445 408
445 417
445 418
445 419
445 420
445 423
445 429
445 430
446 408
446 409
446 412
446 413
446 417
446 418
446 419
446 423
446 429
446 430
447 408
447 409
447 413
447 417
447 418
447 419
447 423
447 429
448 409
448 413
448 417
448 418
448 419
448 420
448 423
448 424
448 429
448 430
449 408
449 409
449 413
449 417
449 418
449 419
449 420
449 423
449 424
449 429
450 408
450 409
450 413
450 417
450 418
450 419
450 420
450 423
450 424
450 429
450 430
451 408
451 413
451 417
451 418
451 419
451 420
451 423
451 424
451 429
451 430
452 405
452 406
452 417
452 418
452 419
452 420
452 421
452 430
452 431
453 418
453 419
453 420
454 419
454 420

438 419
438 420
438 421
439 419
439 420
439 421
440 419
440 420
440 421
440 422
441 419
441 420
441 421
441 422
441 428
441 429
442 418
442 419
442 420
442 421
442 428
442 429
442 430
443 417
443 418
443 419
443 420
443 428
443 429
443 430
444 405
444 406
444 407
444 408
444 417
444 418
444 419
444 420
444 422
444 423
444 429
444 430
445 408
445 417
445 418
445 419
445 420
445 423
445 429
445 430
446 408
446 409
446 412
446 413
446 417
446 418
446 419
446 423
446 429
446 430
447 408
447 409
447 413
447 417
447 418
447 419
447 423
447 429
448 409
448 413
448 417
448 418
448 419
448 420
448 423
448 424
448 429
448 430
449 408
449 409
449 413
449 417
449 418
449 419
449 420
449 423
449 424
449 429
450 408
450 409
450 413
450 417
450 418
450 419
450 420
450 423
450 424
450 429
450 430
451 408
451 413
451 417
451 418
451 419
451 420
451 423
451 424
451 429
451 430
452 405
452 406
452 417
452 418
452 419
452 420
452 421
452 430
452 431
453 418
453 419
453 420
454 419
454 420

438 419
438 420
438 421
439 419
439 420
439 421
440 419
440 420
440 421
440 422
441 419
441 420
441 421
441 422
441 428
441 429
442 418
442 419
442 420
442 421
442 428
442 429
442 430
443 417
443 418
443 419
443 420
443 428
443 429
443 430
444 405
444 406
444 407
444 408
444 417
444 418
444 419
444 420
444 422
444 423
444 429
444 430
445 408
445 417
445 418
445 419
445 420
445 423
445 429
445 430
446 408
446 409
446 412
446 413
446 417
446 418
446 419
446 423
446 429
446 430
447 408
447 409
447 413
447 417
447 418
447 419
447 423
447 429
448 409
448 413
448 417
448 418
448 419
448 420
448 423
448 424
448 429
448 430
449 408
449 409
449 413
449 417
449 418
449 419
449 420
449 423
449 424
449 429
450 408
450 409
450 413
450 417
450 418
450 419
450 420
450 423
450 424
450 429
450 430
451 408
451 413
451 417
451 418
451 419
451 420
451 423
451 424
451 429
451 430
452 405
452 406
452 417
452 418
452 419
452 420
452 421
452 430
452 431
453 418
453 419
453 420
454 419
454 420

438 419
438 420
438 421
439 419
439 420
439 421
440 419
440 420
440 421
440 422
441 419
441 420
441 421
441 422
441 428
441 429
442 418
442 419
442 420
442 421
442 428
442 429
442 430
443 417
443 418
443 419
443 420
443 428
443 429
443 430
444 405
444 406
444 407
444 408
444 417
444 418
444 419
444 420
444 422
444 423
444 429
444 430
445 408
445 417
445 418
445 419
445 420
445 423
445 429
445 430
446 408
446 409
446 412
446 413
446 417
446 418
446 419
446 423
446 429
446 430
447 408
447 409
447 413
447 417
447 418
447 419
447 423
447 429
448 409
448 413
448 417
448 418
448 419
448 420
448 423
448 424
448 429
448 430
449 408
449 409
449 413
449 417
449 418
449 419
449 420
449 423
449 424
449 429
450 408
450 409
450 413
450 417
450 418
450 419
450 420
450 423
450 424
450 429
450 430
451 408
451 413
451 417
451 418
451 419
451 420
451 423
451 424
451 429
451 430
452 405
452 406
452 417
452 418
452 419
452 420
452 421
452 430
452 431
453 418
453 419
453 420
454 419
454 420

438 419
438 420
438 421
439 419
439 420
439 421
440 419
440 420
440 421
440 422
441 419
441 420
441 421
441 422
441 428
441 429
442 418
442 419
442 420
442 421
442 428
442 429
442 430
443 417
443 418
443 419
443 420
443 428
443 429
443 430
444 405
444 406
444 407
444 408
444 417
444 418
444 419
444 420
444 422
444 423
444 429
444 430
445 408
445 417
445 418
445 419
445 420
445 423
445 429
445 430
446 408
446 409
446 412
446 413
446 417
446 418
446 419
446 423
446 429
446 430
447 408
447 409
447 413
447 417
447 418
447 419
447 423
447 429
448 409
448 413
448 417
448 418
448 419
448 420
448 423
448 424
448 429
448 430
449 408
449 409
449 413
449 417
449 418
449 419
449 420
449 423
449 424
449 429
450 408
450 409
450 413
450 417
450 418
450 419
450 420
450 423
450 424
450 429
450 430
451 408
451 413
451 417
451 418
451 419
451 420
451 423
451 424
451 429
451 430
452 405
452 406
452 417
452 418
452 419
452 420
452 421
452 430
452 431
453 418
453 419
453 420
454 419
454 420

438 419
438 420
438 421
439 419
439 420
439 421
440 419
440 420
440 421
440 422
441 419
441 420
441 421
441 422
441 428
441 429
442 418
442 419
442 420
442 421
442 428
442 429
442 430
443 417
443 418
443 419
443 420
443 428
443 429
443 430
444 405
444 406
444 407
444 408
444 417
444 418
444 419
444 420
444 422
444 423
444 429
444 430
445 408
445 417
445 418
445 419
445 420
445 423
445 429
445 430
446 408
446 409
446 412
446 413
446 417
446 418
446 419
446 423
446 429
446 430
447 408
447 409
447 413
447 417
447 418
447 419
447 423
447 429
448 409
448 413
448 417
448 418
448 419
448 420
448 423
448 424
448 429
448 430
449 408
449 409
449 413
449 417
449 418
449 419
449 420
449 423
449 424
449 429
450 408
450 409
450 413
450 417
450 418
450 419
450 420
450 423
450 424
450 429
450 430
451 408
451 413
451 417
451 418
451 419
451 420
451 423
451 424
451 429
451 430
452 405
452 406
452 417
452 418
452 419
452 420
452 421
452 430
452 431
453 418
453 419
453 420
454 419
454 420

438 419
438 420
438 421
439 419
439 420
439 421
440 419
440 420
440 421
440 422
441 419
441 420
441 421
441 422
441 428
441 429
442 418
442 419
442 420
442 421
442 428
442 429
442 430
443 417
443 418
443 419
443 420
443 428
443 429
443 430
444 405
444 406
444 407
444 408
444 417
444 418
444 419
444 420
444 422
444 423
444 429
444 430
445 408
445 417
445 418
445 419
445 420
445 423
445 429
445 430
446 408
446 409
446 412
446 413
446 417
446 418
446 419
446 423
446 429
446 430
447 408
447 409
447 413
447 417
447 418
447 419
447 423
447 429
448 409
448 413
448 417
448 418
448 419
448 420
448 423
448 424
448 429
448 430
449 408
449 409
449 413
449 417
449 418
449 419
449 420
449 423
449 424
449 429
450 408
450 409
450 413
450 417
450 418
450 419
450 420
450 423
450 424
450 429
450 430
451 408
451 413
451 417
451 418
451 419
451 420
451 423
451 424
451 429
451 430
452 405
452 406
452 417
452 418
452 419
452 420
452 421
452 430
452 431
453 418
453 419
453 420
454 419
454 420

438 419
438 420
438 421
439 419
439 420
439 421
440 419
440 420
440 421
440 422
441 419
441 420
441 421
441 422
441 428
441 429
442 418
442 419
442 420
442 421
442 428
442 429
442 430
443 417
443 418
443 419
443 420
443 428
443 429
443 430
444 405
444 406
444 407
444 408
444 417
444 418
444 419
444 420
444 422
444 423
444 429
444 430
445 408
445 417
445 418
445 419
445 420
445 423
445 429
445 430
446 408
446 409
446 412
446 413
446 417
446 418
446 419
446 423
446 429
446 430
447 408
447 409
447 413
447 417
447 418
447 419
447 423
447 429
448 409
448 413
448 417
448 418
448 419
448 420
448 423
448 424
448 429
448 430
449 408
449 409
449 413
449 417
449 418
449 419
449 420
449 423
449 424
449 429
450 408
450 409
450 413
450 417
450 418
450 419
450 420
450 423
450 424
450 429
450 430
451 408
451 413
451 417
451 418
451 419
451 420
451 423
451 424
451 429
451 430
452 405
452 406
452 417
452 418
452 419
452 420
452 421
452 430
452 431
453 418
453 419
453 420
454 419
454 420

438 419
438 420
438 421
439 419
439 420
439 421
440 419
440 420
440 421
440 422
441 419
441 420
441 421
441 422
441 428
441 429
442 418
442 419
442 420
442 421
442 428
442 429
442 430
443 417
443 418
443 419
443 420
443 428
443 429
443 430
444 405
444 406
444 407
444 408
444 417
444 418
444 419
444 420
444 422
444 423
444 429
444 430
445 408
445 417
445 418
445 419
445 420
445 423
445 429
445 430
446 408
446 409
446 412
446 413
446 417
446 418
446 419
446 423
446 429
446 430
447 408
447 409
447 413
447 417
447 418
447 419
447 423
447 429
448 409
448 413
448 417
448 418
448 419
448 420
448 423
448 424
448 429
448 430
449 408
449 409
449 413
449 417
449 418
449 419
449 420
449 423
449 424
449 429
450 408
450 409
450 413
450 417
450 418
450 419
450 420
450 423
450 424
450 429
450 430
451 408
451 413
451 417
451 418
451 419
451 420
451 423
451 424
451 429
451 430
452 405
452 406
452 417
452 418
452 419
452 420
452 421
452 430
452 431
453 418
453 419
453 420
454 419
454 420

438 419
438 420
438 421
439 419
439 420
439 421
440 419
440 420
440 421
440 422
441 419
441 420
441 421
441 422
441 428
441 429
442 418
442 419
442 420
442 421
442 428
442 429
442 430
443 417
443 418
443 419
443 420
443 428
443 429
443 430
444 405
444 406
444 407
444 408
444 417
444 418
444 419
444 420
444 422
444 423
444 429
444 430
445 408
445 417
445 418
445 419
445 420
445 423
445 429
445 430
446 408
446 409
446 412
446 413
446 417
446 418
446 419
446 423
446 429
446 430
447 408
447 409
447 413
447 417
447 418
447 419
447 423
447 429
448 409
448 413
448 417
448 418
448 419
448 420
448 423
448 424
448 429
448 430
449 408
449 409
449 413
449 417
449 418
449 419
449 420
449 423
449 424
449 429
450 408
450 409
450 413
450 417
450 418
450 419
450 420
450 423
450 424
450 429
450 430
451 408
451 413
451 417
451 418
451 419
451 420
451 423
451 424
451 429
451 430
452 405
452 406
452 417
452 418
452 419
452 420
452 421
452 430
452 431
453 418
453 419
453 420
454 419
454 420

438 419
438 420
438 421
439 419
439 420
439 421
440 419
440 420
440 421
440 422
441 419
441 420
441 421
441 422
441 428
441 429
442 418
442 419
442 420
442 421
442 428
442 429
442 430
443 417
443 418
443 419
443 420
443 428
443 429
443 430
444 405
444 406
444 407
444 408
444 417
444 418
444 419
444 420
444 422
444 423
444 429
444 430
445 408
445 417
445 418
445 419
445 420
445 423
445 429
445 430
446 408
446 409
446 412
446 413
446 417
446 418
446 419
446 423
446 429
446 430
447 408
447 409
447 413
447 417
447 418
447 419
447 423
447 429
448 409
448 413
448 417
448 418
448 419
448 420
448 423
448 424
448 429
448 430
449 408
449 409
449 413
449 417
449 418
449 419
449 420
449 423
449 424
449 429
450 408
450 409
450 413
450 417
450 418
450 419
450 420
450 423
450 424
450 429
450 430
451 408
451 413
451 417
451 418
451 419
451 420
451 423
451 424
451 429
451 430
452 405
452 406
452 417
452 418
452 419
452 420
452 421
452 430
452 431
453 418
453 419
453 420
454 419
454 420

438 419
438 420
438 421
439 419
439 420
439 421
440 419
440 420
440 421
440 422
441 419
441 420
441 421
441 422
441 428
441 429
442 418
442 419
442 420
442 421
442 428
442 429
442 430
443 417
443 418
443 419
443 420
443 428
443 429
443 430
444 405
444 406
444 407
444 408
444 417
444 418
444 419
444 420
444 422
444 423
444 429
444 430
445 408
445 417
445 418
445 419
445 420
445 423
445 429
445 430
446 408
446 409
446 412
446 413
446 417
446 418
446 419
446 423
446 429
446 430
447 408
447 409
447 413
447 417
447 418
447 419
447 423
447 429
448 409
448 413
448 417
448 418
448 419
448 420
448 423
448 424
448 429
448 430
449 408
449 409
449 413
449 417
449 418
449 419
449 420
449 423
449 424
449 429
450 408
450 409
450 413
450 417
450 418
450 419
450 420
450 423
450 424
450 429
450 430
451 408
451 413
451 417
451 418
451 419
451 420
451 423
451 424
451 429
451 430
452 405
452 406
452 417
452 418
452 419
452 420
452 421
452 430
452 431
453 418
453 419
453 420
454 419
454 420

438 419
438 420
438 421
439 419
439 420
439 421
440 419
440 420
440 421
440 422
441 419
441 420
441 421
441 422
441 428
441 429
442 418
442 419
442 420
442 421
442 428
442 429
442 430
443 417
443 418
443 419
443 420
443 428
443 429
443 430
444 405
444 406
444 407
444 408
444 417
444 418
444 419
444 420
444 422
444 423
444 429
444 430
445 408
445 417
445 418
445 419
445 420
445 423
445 429
445 430
446 408
446 409
446 412
446 413
446 417
446 418
446 419
446 423
446 429
446 430
447 408
447 409
447 413
447 417
447 418
447 419
447 423
447 429
448 409
448 413
448 417
448 418
448 419
448 420
448 423
448 424
448 429
448 430
449 408
449 409
449 413
449 417
449 418
449 419
449 420
449 423
449 424
449 429
450 408
450 409
450 413
450 417
450 418
450 419
450 420
450 423
450 424
450 429
450 430
451 408
451 413
451 417
451 418
451 419
451 420
451 423
451 424
451 429
451 430
452 405
452 406
452 417
452 418
452 419
452 420
452 421
452 430
452 431
453 418
453 419
453 420
454 419
454 420

438 419
438 420
438 421
439 419
439 420
439 421
440 419
440 420
440 421
440 422
441 419
441 420
441 421
441 422
441 428
441 429
442 418
442 419
442 420
442 421
442 428
442 429
442 430
443 417
443 418
443 419
443 420
443 428
443 429
443 430
444 405
444 406
444 407
444 408
444 417
444 418
444 419
444 420
444 422
444 423
444 429
444 430
445 408
445 417
445 418
445 419
445 420
445 423
445 429
445 430
446 408
446 409
446 412
446 413
446 417
446 418
446 419
446 423
446 429
446 430
447 408
447 409
447 413
447 417
447 418
447 419
447 423
447 429
448 409
448 413
448 417
448 418
448 419
448 420
448 423
448 424
448 429
448 430
449 408
449 409
449 413
449 417
449 418
449 419
449 420
449 423
449 424
449 429
450 408
450 409
450 413
450 417
450 418
450 419
450 420
450 423
450 424
450 429
450 430
451 408
451 413
451 417
451 418
451 419
451 420
451 423
451 424
451 429
451 430
452 405
452 406
452 417
452 418
452 419
452 420
452 421
452 430
452 431
453 418
453 419
453 420
454 419
454 420

438 419
438 420
438 421
439 419
439 420
439 421
440 419
440 420
440 421
440 422
441 419
441 420
441 421
441 422
441 428
441 429
442 418
442 419
442 420
442 421
442 428
442 429
442 430
443 417
443 418
443 419
443 420
443 428
443 429
443 430
444 405
444 406
444 407
444 408
444 417
444 418
444 419
444 420
444 422
444 423
444 429
444 430
445 408
445 417
445 418
445 419
445 420
445 423
445 429
445 430
446 408
446 409
446 412
446 413
446 417
446 418
446 419
446 423
446 429
446 430
447 408
447 409
447 413
447 417
447 418
447 419
447 423
447 429
448 409
448 413
448 417
448 418
448 419
448 420
448 423
448 424
448 429
448 430
449 408
449 409
449 413
449 417
449 418
449 419
449 420
449 423
449 424
449 429
450 408
450 409
450 413
450 417
450 418
450 419
450 420
450 423
450 424
450 429
450 430
451 408
451 413
451 417
451 418
451 419
451 420
451 423
451 424
451 429
451 430
452 405
452 406
452 417
452 418
452 419
452 420
452 421
452 430
452 431
453 418
453 419
453 420
454 419
454 420

438 419
438 420
438 421
439 419
439 420
439 421
440 419
440 420
440 421
440 422
441 419
441 420
441 421
441 422
441 428
441 429
442 418
442 419
442 420
442 421
442 428
442 429
442 430
443 417
443 418
443 419
443 420
443 428
443 429
443 430
444 405
444 406
444 407
444 408
444 417
444 418
444 419
444 420
444 422
444 423
444 429
444 430
445 408
445 417
445 418
445 419
445 420
445 423
445 429
445 430
446 408
446 409
446 412
446 413
446 417
446 418
446 419
446 423
446 429
446 430
447 408
447 409
447 413
447 417
447 418
447 419
447 423
447 429
448 409
448 413
448 417
448 418
448 419
448 420
448 423
448 424
448 429
448 430
449 408
449 409
449 413
449 417
449 418
449 419
449 420
449 423
449 424
449 429
450 408
450 409
450 413
450 417
450 418
450 419
450 420
450 423
450 424
450 429
450 430
451 408
451 413
451 417
451 418
451 419
451 420
451 423
451 424
451 429
451 430
452 405
452 406
452 417
452 418
452 419
452 420
452 421
452 430
452 431
453 418
453 419
453 420
454 419
454 420

438 419
438 420
438 421
439 419
439 420
439 421
440 419
440 420
440 421
440 422
441 419
441 420
441 421
441 422
441 428
441 429
442 418
442 419
442 420
442 421
442 428
442 429
442 430
443 417
443 418
443 419
443 420
443 428
443 429
443 430
444 405
444 406
444 407
444 408
444 417
444 418
444 419
444 420
444 422
444 423
444 429
444 430
445 408
445 417
445 418
445 419
445 420
445 423
445 429
445 430
446 408
446 409
446 412
446 413
446 417
446 418
446 419
446 423
446 429
446 430
447 408
447 409
447 413
447 417
447 418
447 419
447 423
447 429
448 409
448 413
448 417
448 418
448 419
448 420
448 423
448 424
448 429
448 430
449 408
449 409
449 413
449 417
449 418
449 419
449 420
449 423
449 424
449 429
450 408
450 409
450 413
450 417
450 418
450 419
450 420
450 423
450 424
450 429
450 430
451 408
451 413
451 417
451 418
451 419
451 420
451 423
451 424
451 429
451 430
452 405
452 406
452 417
452 418
452 419
452 420
452 421
452 430
452 431
453 418
453 419
453 420
454 419
454 420

438 419
438 420
438 421
439 419
439 420
439 421
440 419
440 420
440 421
440 422
441 419
441 420
441 421
441 422
441 428
441 429
442 418
442 419
442 420
442 421
442 428
442 429
442 430
443 417
443 418
443 419
443 420
443 428
443 429
443 430
444 405
444 406
444 407
444 408
444 417
444 418
444 419
444 420
444 422
444 423
444 429
444 430
445 408
445 417
445 418
445 419
445 420
445 423
445 429
445 430
446 408
446 409
446 412
446 413
446 417
446 418
446 419
446 423
446 429
446 430
447 408
447 409
447 413
447 417
447 418
447 419
447 423
447 429
448 409
448 413
448 417
448 418
448 419
448 420
448 423
448 424
448 429
448 430
449 408
449 409
449 413
449 417
449 418
449 419
449 420
449 423
449 424
449 429
450 408
450 409
450 413
450 417
450 418
450 419
450 420
450 423
450 424
450 429
450 430
451 408
451 413
451 417
451 418
451 419
451 420
451 423
451 424
451 429
451 430
452 405
452 406
452 417
452 418
452 419
452 420
452 421
452 430
452 431
453 418
453 419
453 420
454 419
454 420

440 412
440 413
443 428
444 405
444 406
444 407
444 413
444 418
444 420
444 421
444 422
444 428
444 429
444 430
445 405
445 406
445 407
445 408
445 413
445 418
445 421
445 422
445 429
445 430
446 408
446 409
446 413
446 417
446 418
446 423
446 429
447 408
447 409
447 413
447 417
447 418
447 423
448 409
448 413
448 417
448 418
448 423
448 424
448 429
449 408
449 409
449 413
449 417
449 418
449 423
449 424
449 429
450 408
450 409
450 413
450 417
450 418
450 423
450 424
450 429
451 408
451 409
451 413
451 417
451 418
451 423
451 424
451 429
452 407
452 408
452 413
452 418
452 424
452 429
452 431
453 424
453 431

440 412
440 413
443 428
444 405
444 406
444 407
444 413
444 418
444 420
444 421
444 422
444 428
444 429
444 430
445 405
445 406
445 407
445 408
445 413
445 418
445 421
445 422
445 429
445 430
446 408
446 409
446 413
446 417
446 418
446 423
446 429
447 408
447 409
447 413
447 417
447 418
447 423
448 409
448 413
448 417
448 418
448 423
448 424
448 429
449 408
449 409
449 413
449 417
449 418
449 423
449 424
449 429
450 408
450 409
450 413
450 417
450 418
450 423
450 424
450 429
451 408
451 409
451 413
451 417
451 418
451 423
451 424
451 429
452 407
452 408
452 413
452 418
452 424
452 429
452 431
453 424
453 431

440 412
440 413
443 428
444 405
444 406
444 407
444 413
444 418
444 420
444 421
444 422
444 428
444 429
444 430
445 405
445 406
445 407
445 408
445 413
445 418
445 421
445 422
445 429
445 430
446 408
446 409
446 413
446 417
446 418
446 423
446 429
447 408
447 409
447 413
447 417
447 418
447 423
448 409
448 413
448 417
448 418
448 423
448 424
448 429
449 408
449 409
449 413
449 417
449 418
449 423
449 424
449 429
450 408
450 409
450 413
450 417
450 418
450 423
450 424
450 429
451 408
451 409
451 413
451 417
451 418
451 423
451 424
451 429
452 407
452 408
452 413
452 418
452 424
452 429
452 431
453 424
453 431

440 412
440 413
443 428
444 405
444 406
444 407
444 413
444 418
444 420
444 421
444 422
444 428
444 429
444 430
445 405
445 406
445 407
445 408
445 413
445 418
445 421
445 422
445 429
445 430
446 408
446 409
446 413
446 417
446 418
446 423
446 429
447 408
447 409
447 413
447 417
447 418
447 423
448 409
448 413
448 417
448 418
448 423
448 424
448 429
449 408
449 409
449 413
449 417
449 418
449 423
449 424
449 429
450 408
450 409
450 413
450 417
450 418
450 423
450 424
450 429
451 408
451 409
451 413
451 417
451 418
451 423
451 424
451 429
452 407
452 408
452 413
452 418
452 424
452 429
452 431
453 424
453 431

440 412
440 413
443 428
444 405
444 406
444 407
444 413
444 418
444 420
444 421
444 422
444 428
444 429
444 430
445 405
445 406
445 407
445 408
445 413
445 418
445 421
445 422
445 429
445 430
446 408
446 409
446 413
446 417
446 418
446 423
446 429
447 408
447 409
447 413
447 417
447 418
447 423
448 409
448 413
448 417
448 418
448 423
448 424
448 429
449 408
449 409
449 413
449 417
449 418
449 423
449 424
449 429
450 408
450 409
450 413
450 417
450 418
450 423
450 424
450 429
451 408
451 409
451 413
451 417
451 418
451 423
451 424
451 429
452 407
452 408
452 413
452 418
452 424
452 429
452 431
453 424
453 431

440 412
440 413
443 428
444 405
444 406
444 407
444 413
444 418
444 420
444 421
444 422
444 428
444 429
444 430
445 405
445 406
445 407
445 408
445 413
445 418
445 421
445 422
445 429
445 430
446 408
446 409
446 413
446 417
446 418
446 423
446 429
447 408
447 409
447 413
447 417
447 418
447 423
448 409
448 413
448 417
448 418
448 423
448 424
448 429
449 408
449 409
449 413
449 417
449 418
449 423
449 424
449 429
450 408
450 409
450 413
450 417
450 418
450 423
450 424
450 429
451 408
451 409
451 413
451 417
451 418
451 423
451 424
451 429
452 407
452 408
452 413
452 418
452 424
452 429
452 431
453 424
453 431

440 412
440 413
443 428
444 405
444 406
444 407
444 413
444 418
444 420
444 421
444 422
444 428
444 429
444 430
445 405
445 406
445 407
445 408
445 413
445 418
445 421
445 422
445 429
445 430
446 408
446 409
446 413
446 417
446 418
446 423
446 429
447 408
447 409
447 413
447 417
447 418
447 423
448 409
448 413
448 417
448 418
448 423
448 424
448 429
449 408
449 409
449 413
449 417
449 418
449 423
449 424
449 429
450 408
450 409
450 413
450 417
450 418
450 423
450 424
450 429
451 408
451 409
451 413
451 417
451 418
451 423
451 424
451 429
452 407
452 408
452 413
452 418
452 424
452 429
452 431
453 424
453 431

440 412
440 413
443 428
444 405
444 406
444 407
444 413
444 418
444 420
444 421
444 422
444 428
444 429
444 430
445 405
445 406
445 407
445 408
445 413
445 418
445 421
445 422
445 429
445 430
446 408
446 409
446 413
446 417
446 418
446 423
446 429
447 408
447 409
447 413
447 417
447 418
447 423
448 409
448 413
448 417
448 418
448 423
448 424
448 429
449 408
449 409
449 413
449 417
449 418
449 423
449 424
449 429
450 408
450 409
450 413
450 417
450 418
450 423
450 424
450 429
451 408
451 409
451 413
451 417
451 418
451 423
451 424
451 429
452 407
452 408
452 413
452 418
452 424
452 429
452 431
453 424
453 431

440 412
440 413
443 428
444 405
444 406
444 407
444 413
444 418
444 420
444 421
444 422
444 428
444 429
444 430
445 405
445 406
445 407
445 408
445 413
445 418
445 421
445 422
445 429
445 430
446 408
446 409
446 413
446 417
446 418
446 423
446 429
447 408
447 409
447 413
447 417
447 418
447 423
448 409
448 413
448 417
448 418
448 423
448 424
448 429
449 408
449 409
449 413
449 417
449 418
449 423
449 424
449 429
450 408
450 409
450 413
450 417
450 418
450 423
450 424
450 429
451 408
451 409
451 413
451 417
451 418
451 423
451 424
451 429
452 407
452 408
452 413
452 418
452 424
452 429
452 431
453 424
453 431

440 412
440 413
443 428
444 405
444 406
444 407
444 413
444 418
444 420
444 421
444 422
444 428
444 429
444 430
445 405
445 406
445 407
445 408
445 413
445 418
445 421
445 422
445 429
445 430
446 408
446 409
446 413
446 417
446 418
446 423
446 429
447 408
447 409
447 413
447 417
447 418
447 423
448 409
448 413
448 417
448 418
448 423
448 424
448 429
449 408
449 409
449 413
449 417
449 418
449 423
449 424
449 429
450 408
450 409
450 413
450 417
450 418
450 423
450 424
450 429
451 408
451 409
451 413
451 417
451 418
451 423
451 424
451 429
452 407
452 408
452 413
452 418
452 424
452 429
452 431
453 424
453 431

440 412
440 413
443 428
444 405
444 406
444 407
444 413
444 418
444 420
444 421
444 422
444 428
444 429
444 430
445 405
445 406
445 407
445 408
445 413
445 418
445 421
445 422
445 429
445 430
446 408
446 409
446 413
446 417
446 418
446 423
446 429
447 408
447 409
447 413
447 417
447 418
447 423
448 409
448 413
448 417
448 418
448 423
448 424
448 429
449 408
449 409
449 413
449 417
449 418
449 423
449 424
449 429
450 408
450 409
450 413
450 417
450 418
450 423
450 424
450 429
451 408
451 409
451 413
451 417
451 418
451 423
451 424
451 429
452 407
452 408
452 413
452 418
452 424
452 429
452 431
453 424
453 431

440 412
440 413
443 428
444 405
444 406
444 407
444 413
444 418
444 420
444 421
444 422
444 428
444 429
444 430
445 405
445 406
445 407
445 408
445 413
445 418
445 421
445 422
445 429
445 430
446 408
446 409
446 413
446 417
446 418
446 423
446 429
447 408
447 409
447 413
447 417
447 418
447 423
448 409
448 413
448 417
448 418
448 423
448 424
448 429
449 408
449 409
449 413
449 417
449 418
449 423
449 424
449 429
450 408
450 409
450 413
450 417
450 418
450 423
450 424
450 429
451 408
451 409
451 413
451 417
451 418
451 423
451 424
451 429
452 407
452 408
452 413
452 418
452 424
452 429
452 431
453 424
453 431

440 412
440 413
443 428
444 405
444 406
444 407
444 413
444 418
444 420
444 421
444 422
444 428
444 429
444 430
445 405
445 406
445 407
445 408
445 413
445 418
445 421
445 422
445 429
445 430
446 408
446 409
446 413
446 417
446 418
446 423
446 429
447 408
447 409
447 413
447 417
447 418
447 423
448 409
448 413
448 417
448 418
448 423
448 424
448 429
449 408
449 409
449 413
449 417
449 418
449 423
449 424
449 429
450 408
450 409
450 413
450 417
450 418
450 423
450 424
450 429
451 408
451 409
451 413
451 417
451 418
451 423
451 424
451 429
452 407
452 408
452 413
452 418
452 424
452 429
452 431
453 424
453 431

440 412
440 413
443 428
444 405
444 406
444 407
444 413
444 418
444 420
444 421
444 422
444 428
444 429
444 430
445 405
445 406
445 407
445 408
445 413
445 418
445 421
445 422
445 429
445 430
446 408
446 409
446 413
446 417
446 418
446 423
446 429
447 408
447 409
447 413
447 417
447 418
447 423
448 409
448 413
448 417
448 418
448 423
448 424
448 429
449 408
449 409
449 413
449 417
449 418
449 423
449 424
449 429
450 408
450 409
450 413
450 417
450 418
450 423
450 424
450 429
451 408
451 409
451 413
451 417
451 418
451 423
451 424
451 429
452 407
452 408
452 413
452 418
452 424
452 429
452 431
453 424
453 431

440 412
440 413
443 428
444 405
444 406
444 407
444 413
444 418
444 420
444 421
444 422
444 428
444 429
444 430
445 405
445 406
445 407
445 408
445 413
445 418
445 421
445 422
445 429
445 430
446 408
446 409
446 413
446 417
446 418
446 423
446 429
447 408
447 409
447 413
447 417
447 418
447 423
448 409
448 413
448 417
448 418
448 423
448 424
448 429
449 408
449 409
449 413
449 417
449 418
449 423
449 424
449 429
450 408
450 409
450 413
450 417
450 418
450 423
450 424
450 429
451 408
451 409
451 413
451 417
451 418
451 423
451 424
451 429
452 407
452 408
452 413
452 418
452 424
452 429
452 431
453 424
453 431

440 412
440 413
443 428
444 405
444 406
444 407
444 413
444 418
444 420
444 421
444 422
444 428
444 429
444 430
445 405
445 406
445 407
445 408
445 413
445 418
445 421
445 422
445 429
445 430
446 408
446 409
446 413
446 417
446 418
446 423
446 429
447 408
447 409
447 413
447 417
447 418
447 423
448 409
448 413
448 417
448 418
448 423
448 424
448 429
449 408
449 409
449 413
449 417
449 418
449 423
449 424
449 429
450 408
450 409
450 413
450 417
450 418
450 423
450 424
450 429
451 408
451 409
451 413
451 417
451 418
451 423
451 424
451 429
452 407
452 408
452 413
452 418
452 424
452 429
452 431
453 424
453 431

440 412
440 413
443 428
444 405
444 406
444 407
444 413
444 418
444 420
444 421
444 422
444 428
444 429
444 430
445 405
445 406
445 407
445 408
445 413
445 418
445 421
445 422
445 429
445 430
446 408
446 409
446 413
446 417
446 418
446 423
446 429
447 408
447 409
447 413
447 417
447 418
447 423
448 409
448 413
448 417
448 418
448 423
448 424
448 429
449 408
449 409
449 413
449 417
449 418
449 423
449 424
449 429
450 408
450 409
450 413
450 417
450 418
450 423
450 424
450 429
451 408
451 409
451 413
451 417
451 418
451 423
451 424
451 429
452 407
452 408
452 413
452 418
452 424
452 429
452 431
453 424
453 431

440 412
440 413
443 428
444 405
444 406
444 407
444 413
444 418
444 420
444 421
444 422
444 428
444 429
444 430
445 405
445 406
445 407
445 408
445 413
445 418
445 421
445 422
445 429
445 430
446 408
446 409
446 413
446 417
446 418
446 423
446 429
447 408
447 409
447 413
447 417
447 418
447 423
448 409
448 413
448 417
448 418
448 423
448 424
448 429
449 408
449 409
449 413
449 417
449 418
449 423
449 424
449 429
450 408
450 409
450 413
450 417
450 418
450 423
450 424
450 429
451 408
451 409
451 413
451 417
451 418
451 423
451 424
451 429
452 407
452 408
452 413
452 418
452 424
452 429
452 431
453 424
453 431

440 412
440 413
443 428
444 405
444 406
444 407
444 413
444 418
444 420
444 421
444 422
444 428
444 429
444 430
445 405
445 406
445 407
445 408
445 413
445 418
445 421
445 422
445 429
445 430
446 408
446 409
446 413
446 417
446 418
446 423
446 429
447 408
447 409
447 413
447 417
447 418
447 423
448 409
448 413
448 417
448 418
448 423
448 424
448 429
449 408
449 409
449 413
449 417
449 418
449 423
449 424
449 429
450 408
450 409
450 413
450 417
450 418
450 423
450 424
450 429
451 408
451 409
451 413
451 417
451 418
451 423
451 424
451 429
452 407
452 408
452 413
452 418
452 424
452 429
452 431
453 424
453 431

440 412
440 413
443 428
444 405
444 406
444 407
444 413
444 418
444 420
444 421
444 422
444 428
444 429
444 430
445 405
445 406
445 407
445 408
445 413
445 418
445 421
445 422
445 429
445 430
446 408
446 409
446 413
446 417
446 418
446 423
446 429
447 408
447 409
447 413
447 417
447 418
447 423
448 409
448 413
448 417
448 418
448 423
448 424
448 429
449 408
449 409
449 413
449 417
449 418
449 423
449 424
449 429
450 408
450 409
450 413
450 417
450 418
450 423
450 424
450 429
451 408
451 409
451 413
451 417
451 418
451 423
451 424
451 429
452 407
452 408
452 413
452 418
452 424
452 429
452 431
453 424
453 431

440 412
440 413
443 428
444 405
444 406
444 407
444 413
444 418
444 420
444 421
444 422
444 428
444 429
444 430
445 405
445 406
445 407
445 408
445 413
445 418
445 421
445 422
445 429
445 430
446 408
446 409
446 413
446 417
446 418
446 423
446 429
447 408
447 409
447 413
447 417
447 418
447 423
448 409
448 413
448 417
448 418
448 423
448 424
448 429
449 408
449 409
449 413
449 417
449 418
449 423
449 424
449 429
450 408
450 409
450 413
450 417
450 418
450 423
450 424
450 429
451 408
451 409
451 413
451 417
451 418
451 423
451 424
451 429
452 407
452 408
452 413
452 418
452 424
452 429
452 431
453 424
453 431

440 412
440 413
443 428
444 405
444 406
444 407
444 413
444 418
444 420
444 421
444 422
444 428
444 429
444 430
445 405
445 406
445 407
445 408
445 413
445 418
445 421
445 422
445 429
445 430
446 408
446 409
446 413
446 417
446 418
446 423
446 429
447 408
447 409
447